17.0000	-8.75000E-4
17.1000	-8.75000E-4
17.2000	-8.75000E-4
17.3000	-8.75000E-4
17.4000	-8.75000E-4
17.5000	-8.75000E-4
17.6000	-8.75000E-4
17.7000	-8.75000E-4
17.8000	-9.37500E-4
17.9000	-9.37500E-4
18.0000	-9.37500E-4
18.1000	-9.37500E-4
18.2000	-9.37500E-4
18.3000	-9.37500E-4
18.4000	-9.37500E-4
18.5000	-9.37500E-4
18.6000	-9.37500E-4
18.7000	-9.37500E-4
18.8000	-9.37500E-4
18.9000	-9.37500E-4
19.0000	-9.37500E-4
19.1000	-9.37500E-4
19.2000	-0.00100
19.3000	-0.00100
19.4000	-0.00100
19.5000	-0.00100
19.6000	-0.00100
19.7000	-0.00100
19.8000	-0.00100
19.9000	-0.00100
20.0000	-0.00100
20.1000	-0.00100
20.2000	-0.00100
20.3000	-0.00100
20.4000	-0.00106
20.5000	-0.00106
20.6000	-0.00106
20.7000	-0.00106
20.8000	-0.00106
20.9000	-0.00106
21.0000	-0.00106
21.1000	-0.00106
21.2000	-0.00106
21.3000	-0.00106
21.4000	-0.00106
21.5000	-0.00106
21.6000	-0.00112
21.7000	-0.00112
21.8000	-0.00112
21.9000	-0.00112
22.0000	-0.00112
22.1000	-0.00112
22.2000	-0.00112
22.3000	-0.00112
22.4000	-0.00112
22.5000	-0.00112
22.6000	-0.00112
22.7000	-0.00112
22.8000	-0.00119
22.9000	-0.00119
23.0000	-0.00119
23.1000	-0.00119
23.2000	-0.00119
23.3000	-0.00119
23.4000	-0.00119
23.5000	-0.00119
23.6000	-0.00119
23.7000	-0.00119
23.8000	-0.00119
23.9000	-0.00119
24.0000	-0.00125
24.1000	-0.00125
24.2000	-0.00125
24.3000	-0.00125
24.4000	-0.00125
24.5000	-0.00125
24.6000	-0.00125
24.7000	-0.00125
24.8000	-0.00125
24.9000	-0.00125
25.0000	-0.00125
25.1000	-0.00125
25.2000	-0.00131
25.3000	-0.00131
25.4000	-0.00131
25.5000	-0.00131
25.6000	-0.00131
25.7000	-0.00131
25.8000	-0.00131
25.9000	-0.00131
26.0000	-0.00131
26.1000	-0.00131
26.2000	-0.00131
26.3000	-0.00131
26.4000	-0.00137
26.5000	-0.00137
26.6000	-0.00137
26.7000	-0.00137
26.8000	-0.00137
26.9000	-0.00137
27.0000	-0.00137
27.1000	-0.00137
27.2000	-0.00137
27.3000	-0.00137
27.4000	-0.00137
27.5000	-0.00137
27.6000	-0.00144
27.7000	-0.00144
27.8000	-0.00144
27.9000	-0.00144
28.0000	-0.00144
28.1000	-0.00144
28.2000	-0.00144
28.3000	-0.00144
28.4000	-0.00144
28.5000	-0.00144
28.6000	-0.00144
28.7000	-0.00144
28.8000	-0.00150
28.9000	-0.00150
29.0000	-0.00150
29.1000	-0.00150
29.2000	-0.00150
29.3000	-0.00150
29.4000	-0.00150
29.5000	-0.00150
29.6000	-0.00150
29.7000	-0.00150
29.8000	-0.00150
29.9000	-0.00150
30.0000	-0.00156
30.1000	-0.00156
30.2000	-0.00156
30.3000	-0.00156
30.4000	-0.00156
30.5000	-0.00156
30.6000	-0.00156
30.7000	-0.00156
30.8000	-0.00156
30.9000	-0.00156
31.0000	-0.00156
31.1000	-0.00156
31.2000	-0.00156
31.3000	-0.00162
31.4000	-0.00162
31.5000	-0.00162
31.6000	-0.00162
31.7000	-0.00162
31.8000	-0.00162
31.9000	-0.00162
32.0000	-0.00162
32.1000	-0.00162
32.2000	-0.00162
32.3000	-0.00162
32.4000	-0.00162
32.5000	-0.00162
32.6000	-0.00169
32.7000	-0.00169
32.8000	-0.00169
32.9000	-0.00169
33.0000	-0.00169
33.1000	-0.00169
33.2000	-0.00169
33.3000	-0.00169
33.4000	-0.00169
33.5000	-0.00169
33.6000	-0.00169
33.7000	-0.00169
33.8000	-0.00175
33.9000	-0.00175
34.0000	-0.00175
34.1000	-0.00175
34.2000	-0.00175
34.3000	-0.00175
34.4000	-0.00175
34.5000	-0.00175
34.6000	-0.00175
34.7000	-0.00175
34.8000	-0.00175
34.9000	-0.00175
35.0000	-0.00175
35.1000	-0.00181
35.2000	-0.00181
35.3000	-0.00181
35.4000	-0.00181
35.5000	-0.00181
35.6000	-0.00181
35.7000	-0.00181
35.8000	-0.00181
35.9000	-0.00181
36.0000	-0.00181
36.1000	-0.00181
36.2000	-0.00181
36.3000	-0.00181
36.4000	-0.00181
36.5000	-0.00187
36.6000	-0.00187
36.7000	-0.00187
36.8000	-0.00187
36.9000	-0.00187
37.0000	-0.00187
37.1000	-0.00187
37.2000	-0.00187
37.3000	-0.00187
37.4000	-0.00187
37.5000	-0.00187
37.6000	-0.00187
37.7000	-0.00194
37.8000	-0.00194
37.9000	-0.00194
38.0000	-0.00194
38.1000	-0.00194
38.2000	-0.00194
38.3000	-0.00194
38.4000	-0.00194
38.5000	-0.00194
38.6000	-0.00194
38.7000	-0.00194
38.8000	-0.00200
38.9000	-0.00200
39.0000	-0.00200
39.1000	-0.00200
39.2000	-0.00200
39.3000	-0.00200
39.4000	-0.00200
39.5000	-0.00200
39.6000	-0.00200
39.7000	-0.00200
39.8000	-0.00200
39.9000	-0.00206
40.0000	-0.00206
40.1000	-0.00206
40.2000	-0.00206
40.3000	-0.00206
40.4000	-0.00206
40.5000	-0.00206
40.6000	-0.00206
40.7000	-0.00206
40.8000	-0.00206
40.9000	-0.00206
41.0000	-0.00206
41.1000	-0.00206
41.2000	-0.00212
41.3000	-0.00212
41.4000	-0.00212
41.5000	-0.00212
41.6000	-0.00212
41.7000	-0.00212
41.8000	-0.00212
41.9000	-0.00212
42.0000	-0.00212
42.1000	-0.00212
42.2000	-0.00212
42.3000	-0.00219
42.4000	-0.00219
42.5000	-0.00219
42.6000	-0.00219
42.7000	-0.00219
42.8000	-0.00219
42.9000	-0.00219
43.0000	-0.00219
43.1000	-0.00219
43.2000	-0.00219
43.3000	-0.00219
43.4000	-0.00219
43.5000	-0.00219
43.6000	-0.00225
43.7000	-0.00225
43.8000	-0.00225
43.9000	-0.00225
44.0000	-0.00225
44.1000	-0.00225
44.2000	-0.00225
44.3000	-0.00225
44.4000	-0.00225
44.5000	-0.00225
44.6000	-0.00225
44.7000	-0.00225
44.8000	-0.00225
44.9000	-0.00231
45.0000	-0.00231
45.1000	-0.00231
45.2000	-0.00231
45.3000	-0.00231
45.4000	-0.00231
45.5000	-0.00231
45.6000	-0.00231
45.7000	-0.00231
45.8000	-0.00231
45.9000	-0.00231
46.0000	-0.00231
46.1000	-0.00237
46.2000	-0.00237
46.3000	-0.00237
46.4000	-0.00237
46.5000	-0.00237
46.6000	-0.00237
46.7000	-0.00237
46.8000	-0.00237
46.9000	-0.00237
47.0000	-0.00237
47.1000	-0.00237
47.2000	-0.00244
47.3000	-0.00244
47.4000	-0.00244
47.5000	-0.00244
47.6000	-0.00244
47.7000	-0.00244
47.8000	-0.00244
47.9000	-0.00244
48.0000	-0.00244
48.1000	-0.00244
48.2000	-0.00244
48.3000	-0.00244
48.4000	-0.00250
48.5000	-0.00250
48.6000	-0.00250
48.7000	-0.00250
48.8000	-0.00250
48.9000	-0.00250
49.0000	-0.00250
49.1000	-0.00250
49.2000	-0.00250
49.3000	-0.00250
49.4000	-0.00250
49.5000	-0.00250
49.6000	-0.00256
49.7000	-0.00256
49.8000	-0.00256
49.9000	-0.00256
50.0000	-0.00256
50.1000	-0.00256
50.2000	-0.00256
50.3000	-0.00256
50.4000	-0.00256
50.5000	-0.00256
50.6000	-0.00256
50.7000	-0.00256
50.8000	-0.00256
50.9000	-0.00262
51.0000	-0.00262
51.1000	-0.00262
51.2000	-0.00262
51.3000	-0.00262
51.4000	-0.00262
51.5000	-0.00262
51.6000	-0.00262
51.7000	-0.00262
51.8000	-0.00262
51.9000	-0.00262
52.0000	-0.00269
52.1000	-0.00269
52.2000	-0.00269
52.3000	-0.00269
52.4000	-0.00269
52.5000	-0.00269
52.6000	-0.00269
52.7000	-0.00269
52.8000	-0.00269
52.9000	-0.00269
53.0000	-0.00269
53.1000	-0.00275
53.2000	-0.00275
53.3000	-0.00275
53.4000	-0.00275
53.5000	-0.00275
53.6000	-0.00275
53.7000	-0.00275
53.8000	-0.00275
53.9000	-0.00275
54.0000	-0.00275
54.1000	-0.00275
54.2000	-0.00281
54.3000	-0.00281
54.4000	-0.00281
54.5000	-0.00281
54.6000	-0.00281
54.7000	-0.00281
54.8000	-0.00281
54.9000	-0.00281
55.0000	-0.00281
55.1000	-0.00281
55.2000	-0.00281
55.3000	-0.00281
55.4000	-0.00281
55.5000	-0.00281
55.6000	-0.00287
55.7000	-0.00287
55.8000	-0.00287
55.9000	-0.00287
56.0000	-0.00287
56.1000	-0.00287
56.2000	-0.00287
56.3000	-0.00287
56.4000	-0.00287
56.5000	-0.00287
56.6000	-0.00287
56.7000	-0.00287
56.8000	-0.00294
56.9000	-0.00294
57.0000	-0.00294
57.1000	-0.00294
57.2000	-0.00294
57.3000	-0.00294
57.4000	-0.00294
57.5000	-0.00294
57.6000	-0.00294
57.7000	-0.00294
57.8000	-0.00294
57.9000	-0.00294
58.0000	-0.00300
58.1000	-0.00300
58.2000	-0.00300
58.3000	-0.00300
58.4000	-0.00300
58.5000	-0.00300
58.6000	-0.00300
58.7000	-0.00300
58.8000	-0.00300
58.9000	-0.00300
59.0000	-0.00300
59.1000	-0.00300
59.2000	-0.00306
59.3000	-0.00306
59.4000	-0.00306
59.5000	-0.00306
59.6000	-0.00306
59.7000	-0.00306
59.8000	-0.00306
59.9000	-0.00306
60.0000	-0.00306
60.1000	-0.00306
60.2000	-0.00306
60.3000	-0.00306
60.4000	-0.00306
60.5000	-0.00312
60.6000	-0.00312
60.7000	-0.00312
60.8000	-0.00312
60.9000	-0.00312
61.0000	-0.00312
61.1000	-0.00312
61.2000	-0.00312
61.3000	-0.00312
61.4000	-0.00312
61.5000	-0.00312
61.6000	-0.00312
61.7000	-0.00319
61.8000	-0.00319
61.9000	-0.00319
62.0000	-0.00319
62.1000	-0.00319
62.2000	-0.00319
62.3000	-0.00319
62.4000	-0.00319
62.5000	-0.00319
62.6000	-0.00319
62.7000	-0.00319
62.8000	-0.00319
62.9000	-0.00319
63.0000	-0.00325
63.1000	-0.00325
63.2000	-0.00325
63.3000	-0.00325
63.4000	-0.00325
63.5000	-0.00325
63.6000	-0.00325
63.7000	-0.00325
63.8000	-0.00325
63.9000	-0.00325
64.0000	-0.00325
64.1000	-0.00331
64.2000	-0.00331
64.3000	-0.00331
64.4000	-0.00331
64.5000	-0.00331
64.6000	-0.00331
64.7000	-0.00331
64.8000	-0.00331
64.9000	-0.00331
65.0000	-0.00331
65.1000	-0.00331
65.2000	-0.00331
65.3000	-0.00331
65.4000	-0.00331
65.5000	-0.00337
65.6000	-0.00337
65.7000	-0.00337
65.8000	-0.00337
65.9000	-0.00337
66.0000	-0.00337
66.1000	-0.00337
66.2000	-0.00337
66.3000	-0.00337
66.4000	-0.00337
66.5000	-0.00337
66.6000	-0.00344
66.7000	-0.00344
66.8000	-0.00344
66.9000	-0.00344
67.0000	-0.00344
67.1000	-0.00344
67.2000	-0.00344
67.3000	-0.00344
67.4000	-0.00344
67.5000	-0.00344
67.6000	-0.00344
67.7000	-0.00350
67.8000	-0.00350
67.9000	-0.00350
68.0000	-0.00350
68.1000	-0.00350
68.2000	-0.00350
68.3000	-0.00350
68.4000	-0.00350
68.5000	-0.00350
68.6000	-0.00350
68.7000	-0.00350
68.8000	-0.00356
68.9000	-0.00356
69.0000	-0.00356
69.1000	-0.00356
69.2000	-0.00356
69.3000	-0.00356
69.4000	-0.00356
69.5000	-0.00356
69.6000	-0.00356
69.7000	-0.00356
69.8000	-0.00356
69.9000	-0.00356
70.0000	-0.00362
70.1000	-0.00362
70.2000	-0.00362
70.3000	-0.00362
70.4000	-0.00362
70.5000	-0.00362
70.6000	-0.00362
70.7000	-0.00362
70.8000	-0.00362
70.9000	-0.00362
71.0000	-0.00362
71.1000	-0.00362
71.2000	-0.00369
71.3000	-0.00369
71.4000	-0.00369
71.5000	-0.00369
71.6000	-0.00369
71.7000	-0.00369
71.8000	-0.00369
71.9000	-0.00369
72.0000	-0.00369
72.1000	-0.00369
72.2000	-0.00369
72.3000	-0.00369
72.4000	-0.00375
72.5000	-0.00375
72.6000	-0.00375
72.7000	-0.00375
72.8000	-0.00375
72.9000	-0.00375
73.0000	-0.00375
73.1000	-0.00375
73.2000	-0.00375
73.3000	-0.00375
73.4000	-0.00375
73.5000	-0.00381
73.6000	-0.00381
73.7000	-0.00381
73.8000	-0.00381
73.9000	-0.00381
74.0000	-0.00381
74.1000	-0.00381
74.2000	-0.00381
74.3000	-0.00381
74.4000	-0.00381
74.5000	-0.00381
74.6000	-0.00381
74.7000	-0.00381
74.8000	-0.00381
74.9000	-0.00381
75.0000	-0.00387
75.1000	-0.00387
75.2000	-0.00387
75.3000	-0.00387
75.4000	-0.00387
75.5000	-0.00387
75.6000	-0.00387
75.7000	-0.00387
75.8000	-0.00387
75.9000	-0.00387
76.0000	-0.00387
76.1000	-0.00387
76.2000	-0.00394
76.3000	-0.00394
76.4000	-0.00394
76.5000	-0.00394
76.6000	-0.00394
76.7000	-0.00394
76.8000	-0.00394
76.9000	-0.00394
77.0000	-0.00394
77.1000	-0.00394
77.2000	-0.00394
77.3000	-0.00400
77.4000	-0.00400
77.5000	-0.00400
77.6000	-0.00400
77.7000	-0.00400
77.8000	-0.00400
77.9000	-0.00400
78.0000	-0.00400
78.1000	-0.00400
78.2000	-0.00400
78.3000	-0.00400
78.4000	-0.00406
78.5000	-0.00406
78.6000	-0.00406
78.7000	-0.00406
78.8000	-0.00406
78.9000	-0.00406
79.0000	-0.00406
79.1000	-0.00406
79.2000	-0.00406
79.3000	-0.00406
79.4000	-0.00406
79.5000	-0.00406
79.6000	-0.00406
79.7000	-0.00412
79.8000	-0.00412
79.9000	-0.00412
80.0000	-0.00412