0.0000	0.00000
0.1000	0.00000
0.2000	0.00000
0.3000	0.00000
0.4000	0.00000
0.5000	0.00000
0.6000	0.00000
0.7000	0.00000
0.8000	0.00000
0.9000	0.00000
1.0000	0.00000
1.1000	0.00000
1.2000	0.00000
1.3000	0.00000
1.4000	0.00000
1.5000	0.00000
1.6000	0.00000
1.7000	-6.25000E-5
1.8000	-6.25000E-5
1.9000	-6.25000E-5
2.0000	-6.25000E-5
2.1000	-6.25000E-5
2.2000	-6.25000E-5
2.3000	-6.25000E-5
2.4000	-6.25000E-5
2.5000	-6.25000E-5
2.6000	-6.25000E-5
2.7000	-6.25000E-5
2.8000	-6.25000E-5
2.9000	-6.25000E-5
3.0000	-6.25000E-5
3.1000	-6.25000E-5
3.2000	-6.25000E-5
3.3000	-6.25000E-5
3.4000	-6.25000E-5
3.5000	-6.25000E-5
3.6000	-6.25000E-5
3.7000	-6.25000E-5
3.8000	-6.25000E-5
3.9000	-6.25000E-5
4.0000	-6.25000E-5
4.1000	-6.25000E-5
4.2000	-6.25000E-5
4.3000	-1.25000E-4
4.4000	-1.25000E-4
4.5000	-1.25000E-4
4.6000	-1.25000E-4
4.7000	-1.25000E-4
4.8000	-1.25000E-4
4.9000	-1.25000E-4
5.0000	-1.25000E-4
5.1000	-1.25000E-4
5.2000	-1.25000E-4
5.3000	-1.25000E-4
5.4000	-1.25000E-4
5.5000	-1.25000E-4
5.6000	-1.25000E-4
5.7000	-1.25000E-4
5.8000	-1.25000E-4
5.9000	-1.25000E-4
6.0000	-1.25000E-4
6.1000	-1.25000E-4
6.2000	-1.25000E-4
6.3000	-1.25000E-4
6.4000	-1.25000E-4
6.5000	-1.25000E-4
6.6000	-1.25000E-4
6.7000	-1.25000E-4
6.8000	-1.25000E-4
6.9000	-1.25000E-4
7.0000	-1.25000E-4
7.1000	-1.87500E-4
7.2000	-1.87500E-4
7.3000	-1.87500E-4
7.4000	-1.87500E-4
7.5000	-1.87500E-4
7.6000	-1.87500E-4
7.7000	-1.87500E-4
7.8000	-1.87500E-4
7.9000	-1.87500E-4
8.0000	-1.87500E-4
8.1000	-1.87500E-4
8.2000	-1.87500E-4
8.3000	-1.87500E-4
8.4000	-1.87500E-4
8.5000	-1.87500E-4
8.6000	-1.87500E-4
8.7000	-1.87500E-4
8.8000	-1.87500E-4
8.9000	-1.87500E-4
9.0000	-1.87500E-4
9.1000	-1.87500E-4
9.2000	-1.87500E-4
9.3000	-1.87500E-4
9.4000	-1.87500E-4
9.5000	-1.87500E-4
9.6000	-1.87500E-4
9.7000	-1.87500E-4
9.8000	-2.50000E-4
9.9000	-2.50000E-4
10.0000	-2.50000E-4
10.1000	-2.50000E-4
10.2000	-2.50000E-4
10.3000	-2.50000E-4
10.4000	-2.50000E-4
10.5000	-2.50000E-4
10.6000	-2.50000E-4
10.7000	-2.50000E-4
10.8000	-2.50000E-4
10.9000	-2.50000E-4
11.0000	-2.50000E-4
11.1000	-2.50000E-4
11.2000	-2.50000E-4
11.3000	-2.50000E-4
11.4000	-2.50000E-4
11.5000	-2.50000E-4
11.6000	-2.50000E-4
11.7000	-2.50000E-4
11.8000	-2.50000E-4
11.9000	-2.50000E-4
12.0000	-2.50000E-4
12.1000	-2.50000E-4
12.2000	-2.50000E-4
12.3000	-2.50000E-4
12.4000	-2.50000E-4
12.5000	-2.50000E-4
12.6000	-2.50000E-4
12.7000	-3.12500E-4
12.8000	-3.12500E-4
12.9000	-3.12500E-4
13.0000	-3.12500E-4
13.1000	-3.12500E-4
13.2000	-3.12500E-4
13.3000	-3.12500E-4
13.4000	-3.12500E-4
13.5000	-3.12500E-4
13.6000	-3.12500E-4
13.7000	-3.12500E-4
13.8000	-3.12500E-4
13.9000	-3.12500E-4
14.0000	-3.12500E-4
14.1000	-3.12500E-4
14.2000	-3.12500E-4
14.3000	-3.12500E-4
14.4000	-3.12500E-4
14.5000	-3.12500E-4
14.6000	-3.12500E-4
14.7000	-3.12500E-4
14.8000	-3.12500E-4
14.9000	-3.12500E-4
15.0000	-3.12500E-4
15.1000	-3.12500E-4
15.2000	-3.12500E-4
15.3000	-3.75000E-4
15.4000	-3.75000E-4
15.5000	-3.75000E-4
15.6000	-3.75000E-4
15.7000	-3.75000E-4
15.8000	-3.75000E-4
15.9000	-3.75000E-4
16.0000	-3.75000E-4
16.1000	-3.75000E-4
16.2000	-3.75000E-4
16.3000	-3.75000E-4
16.4000	-3.75000E-4
16.5000	-3.75000E-4
16.6000	-3.75000E-4
16.7000	-3.75000E-4
16.8000	-3.75000E-4
16.9000	-3.75000E-4
17.0000	-3.75000E-4
17.1000	-3.75000E-4
17.2000	-3.75000E-4
17.3000	-3.75000E-4
17.4000	-3.75000E-4
17.5000	-3.75000E-4
17.6000	-3.75000E-4
17.7000	-3.75000E-4
17.8000	-3.75000E-4
17.9000	-3.75000E-4
18.0000	-3.75000E-4
18.1000	-3.75000E-4
18.2000	-4.37500E-4
18.3000	-4.37500E-4
18.4000	-4.37500E-4
18.5000	-4.37500E-4
18.6000	-4.37500E-4
18.7000	-4.37500E-4
18.8000	-4.37500E-4
18.9000	-4.37500E-4
19.0000	-4.37500E-4
19.1000	-4.37500E-4
19.2000	-4.37500E-4
19.3000	-4.37500E-4
19.4000	-4.37500E-4
19.5000	-4.37500E-4
19.6000	-4.37500E-4
19.7000	-4.37500E-4
19.8000	-4.37500E-4
19.9000	-4.37500E-4
20.0000	-4.37500E-4
20.1000	-4.37500E-4
20.2000	-4.37500E-4
20.3000	-4.37500E-4
20.4000	-4.37500E-4
20.5000	-4.37500E-4
20.6000	-4.37500E-4
20.7000	-4.37500E-4
20.8000	-4.37500E-4
20.9000	-5.00000E-4
21.0000	-5.00000E-4
21.1000	-5.00000E-4
21.2000	-5.00000E-4
21.3000	-5.00000E-4
21.4000	-5.00000E-4
21.5000	-5.00000E-4
21.6000	-5.00000E-4
21.7000	-5.00000E-4
21.8000	-5.00000E-4
21.9000	-5.00000E-4
22.0000	-5.00000E-4
22.1000	-5.00000E-4
22.2000	-5.00000E-4
22.3000	-5.00000E-4
22.4000	-5.00000E-4
22.5000	-5.00000E-4
22.6000	-5.00000E-4
22.7000	-5.00000E-4
22.8000	-5.00000E-4
22.9000	-5.00000E-4
23.0000	-5.00000E-4
23.1000	-5.00000E-4
23.2000	-5.00000E-4
23.3000	-5.00000E-4
23.4000	-5.00000E-4
23.5000	-5.00000E-4
23.6000	-5.00000E-4
23.7000	-5.00000E-4
23.8000	-5.00000E-4
23.9000	-5.00000E-4
24.0000	-5.62500E-4
24.1000	-5.62500E-4
24.2000	-5.62500E-4
24.3000	-5.62500E-4
24.4000	-5.62500E-4
24.5000	-5.62500E-4
24.6000	-5.62500E-4
24.7000	-5.62500E-4
24.8000	-5.62500E-4
24.9000	-5.62500E-4
25.0000	-5.62500E-4
25.1000	-5.62500E-4
25.2000	-5.62500E-4
25.3000	-5.62500E-4
25.4000	-5.62500E-4
25.5000	-5.62500E-4
25.6000	-5.62500E-4
25.7000	-5.62500E-4
25.8000	-5.62500E-4
25.9000	-5.62500E-4
26.0000	-5.62500E-4
26.1000	-5.62500E-4
26.2000	-5.62500E-4
26.3000	-5.62500E-4
26.4000	-5.62500E-4
26.5000	-5.62500E-4
26.6000	-6.25000E-4
26.7000	-6.25000E-4
26.8000	-6.25000E-4
26.9000	-6.25000E-4
27.0000	-6.25000E-4
27.1000	-6.25000E-4
27.2000	-6.25000E-4
27.3000	-6.25000E-4
27.4000	-6.25000E-4
27.5000	-6.25000E-4
27.6000	-6.25000E-4
27.7000	-6.25000E-4
27.8000	-6.25000E-4
27.9000	-6.25000E-4
28.0000	-6.25000E-4
28.1000	-6.25000E-4
28.2000	-6.25000E-4
28.3000	-6.25000E-4
28.4000	-6.25000E-4
28.5000	-6.25000E-4
28.6000	-6.25000E-4
28.7000	-6.25000E-4
28.8000	-6.25000E-4
28.9000	-6.25000E-4
29.0000	-6.25000E-4
29.1000	-6.25000E-4
29.2000	-6.25000E-4
29.3000	-6.87500E-4
29.4000	-6.87500E-4
29.5000	-6.87500E-4
29.6000	-6.87500E-4
29.7000	-6.87500E-4
29.8000	-6.87500E-4
29.9000	-6.87500E-4
30.0000	-6.87500E-4
30.1000	-6.87500E-4
30.2000	-6.87500E-4
30.3000	-6.87500E-4
30.4000	-6.87500E-4
30.5000	-6.87500E-4
30.6000	-6.87500E-4
30.7000	-6.87500E-4
30.8000	-6.87500E-4
30.9000	-6.87500E-4
31.0000	-6.87500E-4
31.1000	-6.87500E-4
31.2000	-6.87500E-4
31.3000	-6.87500E-4
31.4000	-6.87500E-4
31.5000	-6.87500E-4
31.6000	-6.87500E-4
31.7000	-6.87500E-4
31.8000	-6.87500E-4
31.9000	-7.50000E-4
32.0000	-7.50000E-4
32.1000	-7.50000E-4
32.2000	-7.50000E-4
32.3000	-7.50000E-4
32.4000	-7.50000E-4
32.5000	-7.50000E-4
32.6000	-7.50000E-4
32.7000	-7.50000E-4
32.8000	-7.50000E-4
32.9000	-7.50000E-4
33.0000	-7.50000E-4
33.1000	-7.50000E-4
33.2000	-7.50000E-4
33.3000	-7.50000E-4
33.4000	-7.50000E-4
33.5000	-7.50000E-4
33.6000	-7.50000E-4
33.7000	-7.50000E-4
33.8000	-7.50000E-4
33.9000	-7.50000E-4
34.0000	-7.50000E-4
34.1000	-7.50000E-4
34.2000	-7.50000E-4
34.3000	-7.50000E-4
34.4000	-7.50000E-4
34.5000	-7.50000E-4
34.6000	-7.50000E-4
34.7000	-7.50000E-4
34.8000	-8.12500E-4
34.9000	-8.12500E-4
35.0000	-8.12500E-4
35.1000	-8.12500E-4
35.2000	-8.12500E-4
35.3000	-8.12500E-4
35.4000	-8.12500E-4
35.5000	-8.12500E-4
35.6000	-8.12500E-4
35.7000	-8.12500E-4
35.8000	-8.12500E-4
35.9000	-8.12500E-4
36.0000	-8.12500E-4
36.1000	-8.12500E-4
36.2000	-8.12500E-4
36.3000	-8.12500E-4
36.4000	-8.12500E-4
36.5000	-8.12500E-4
36.6000	-8.12500E-4
36.7000	-8.12500E-4
36.8000	-8.12500E-4
36.9000	-8.12500E-4
37.0000	-8.12500E-4
37.1000	-8.12500E-4
37.2000	-8.12500E-4
37.3000	-8.12500E-4
37.4000	-8.12500E-4
37.5000	-8.12500E-4
37.6000	-8.75000E-4
37.7000	-8.75000E-4
37.8000	-8.75000E-4
37.9000	-8.75000E-4
38.0000	-8.75000E-4
38.1000	-8.75000E-4
38.2000	-8.75000E-4
38.3000	-8.75000E-4
38.4000	-8.75000E-4
38.5000	-8.75000E-4
38.6000	-8.75000E-4
38.7000	-8.75000E-4
38.8000	-8.75000E-4
38.9000	-8.75000E-4
39.0000	-8.75000E-4
39.1000	-8.75000E-4
39.2000	-8.75000E-4
39.3000	-8.75000E-4
39.4000	-8.75000E-4
39.5000	-8.75000E-4
39.6000	-8.75000E-4
39.7000	-8.75000E-4
39.8000	-8.75000E-4
39.9000	-8.75000E-4
40.0000	-8.75000E-4
40.1000	-8.75000E-4
40.2000	-8.75000E-4
40.3000	-8.75000E-4
40.4000	-8.75000E-4
40.5000	-9.37500E-4
40.6000	-9.37500E-4
40.7000	-9.37500E-4
40.8000	-9.37500E-4
40.9000	-9.37500E-4
41.0000	-9.37500E-4
41.1000	-9.37500E-4
41.2000	-9.37500E-4
41.3000	-9.37500E-4
41.4000	-9.37500E-4
41.5000	-9.37500E-4
41.6000	-9.37500E-4
41.7000	-9.37500E-4
41.8000	-9.37500E-4
41.9000	-9.37500E-4
42.0000	-9.37500E-4
42.1000	-9.37500E-4
42.2000	-9.37500E-4
42.3000	-9.37500E-4
42.4000	-9.37500E-4
42.5000	-9.37500E-4
42.6000	-9.37500E-4
42.7000	-9.37500E-4
42.8000	-9.37500E-4
42.9000	-9.37500E-4
43.0000	-9.37500E-4
43.1000	-9.37500E-4
43.2000	-9.37500E-4
43.3000	-0.00100
43.4000	-0.00100
43.5000	-0.00100
43.6000	-0.00100
43.7000	-0.00100
43.8000	-0.00100
43.9000	-0.00100
44.0000	-0.00100
44.1000	-0.00100
44.2000	-0.00100
44.3000	-0.00100
44.4000	-0.00100
44.5000	-0.00100
44.6000	-0.00100
44.7000	-0.00100
44.8000	-0.00100
44.9000	-0.00100
45.0000	-0.00100
45.1000	-0.00100
45.2000	-0.00100
45.3000	-0.00100
45.4000	-0.00100
45.5000	-0.00100
45.6000	-0.00100
45.7000	-0.00100
45.8000	-0.00100
45.9000	-0.00100
46.0000	-0.00100
46.1000	-0.00100
46.2000	-0.00100
46.3000	-0.00106
46.4000	-0.00106
46.5000	-0.00106
46.6000	-0.00106
46.7000	-0.00106
46.8000	-0.00106
46.9000	-0.00106
47.0000	-0.00106
47.1000	-0.00106
47.2000	-0.00106
47.3000	-0.00106
47.4000	-0.00106
47.5000	-0.00106
47.6000	-0.00106
47.7000	-0.00106
47.8000	-0.00106
47.9000	-0.00106
48.0000	-0.00106
48.1000	-0.00106
48.2000	-0.00106
48.3000	-0.00106
48.4000	-0.00106
48.5000	-0.00106
48.6000	-0.00106
48.7000	-0.00106
48.8000	-0.00106
48.9000	-0.00106
49.0000	-0.00106
49.1000	-0.00112
49.2000	-0.00112
49.3000	-0.00112
49.4000	-0.00112
49.5000	-0.00112
49.6000	-0.00112
49.7000	-0.00112
49.8000	-0.00112
49.9000	-0.00112
50.0000	-0.00112
50.1000	-0.00112
50.2000	-0.00112
50.3000	-0.00112
50.4000	-0.00112
50.5000	-0.00112
50.6000	-0.00112
50.7000	-0.00112
50.8000	-0.00112
50.9000	-0.00112
51.0000	-0.00112
51.1000	-0.00112
51.2000	-0.00112
51.3000	-0.00112
51.4000	-0.00112
51.5000	-0.00112
51.6000	-0.00112
51.7000	-0.00112
51.8000	-0.00119
51.9000	-0.00119
52.0000	-0.00119
52.1000	-0.00119
52.2000	-0.00119
52.3000	-0.00119
52.4000	-0.00119
52.5000	-0.00119
52.6000	-0.00119
52.7000	-0.00119
52.8000	-0.00119
52.9000	-0.00119
53.0000	-0.00119
53.1000	-0.00119
53.2000	-0.00119
53.3000	-0.00119
53.4000	-0.00119
53.5000	-0.00119
53.6000	-0.00119
53.7000	-0.00119
53.8000	-0.00119
53.9000	-0.00119
54.0000	-0.00119
54.1000	-0.00119
54.2000	-0.00119
54.3000	-0.00119
54.4000	-0.00119
54.5000	-0.00119
54.6000	-0.00125
54.7000	-0.00125
54.8000	-0.00125
54.9000	-0.00125
55.0000	-0.00125
55.1000	-0.00125
55.2000	-0.00125
55.3000	-0.00125
55.4000	-0.00125
55.5000	-0.00125
55.6000	-0.00125
55.7000	-0.00125
55.8000	-0.00125
55.9000	-0.00125
56.0000	-0.00125
56.1000	-0.00125
56.2000	-0.00125
56.3000	-0.00125
56.4000	-0.00125
56.5000	-0.00125
56.6000	-0.00125
56.7000	-0.00125
56.8000	-0.00125
56.9000	-0.00125
57.0000	-0.00125
57.1000	-0.00125
57.2000	-0.00125
57.3000	-0.00125
57.4000	-0.00125
57.5000	-0.00131
57.6000	-0.00131
57.7000	-0.00131
57.8000	-0.00131
57.9000	-0.00131
58.0000	-0.00131
58.1000	-0.00131
58.2000	-0.00131
58.3000	-0.00131
58.4000	-0.00131
58.5000	-0.00131
58.6000	-0.00131
58.7000	-0.00131
58.8000	-0.00131
58.9000	-0.00131
59.0000	-0.00131
59.1000	-0.00131
59.2000	-0.00131
59.3000	-0.00131
59.4000	-0.00131
59.5000	-0.00131
59.6000	-0.00131
59.7000	-0.00131
59.8000	-0.00131
59.9000	-0.00131
60.0000	-0.00131
60.1000	-0.00131
60.2000	-0.00137
60.3000	-0.00137
60.4000	-0.00137
60.5000	-0.00137
60.6000	-0.00137
60.7000	-0.00137
60.8000	-0.00137
60.9000	-0.00137
61.0000	-0.00137
61.1000	-0.00137
61.2000	-0.00137
61.3000	-0.00137
61.4000	-0.00137
61.5000	-0.00137
61.6000	-0.00137
61.7000	-0.00137
61.8000	-0.00137
61.9000	-0.00137
62.0000	-0.00137
62.1000	-0.00137
62.2000	-0.00137
62.3000	-0.00137
62.4000	-0.00137
62.5000	-0.00137
62.6000	-0.00137
62.7000	-0.00137
62.8000	-0.00137
62.9000	-0.00137
63.0000	-0.00144
63.1000	-0.00144
63.2000	-0.00144
63.3000	-0.00144
63.4000	-0.00144
63.5000	-0.00144
63.6000	-0.00144
63.7000	-0.00144
63.8000	-0.00144
63.9000	-0.00144
64.0000	-0.00144
64.1000	-0.00144
64.2000	-0.00144
64.3000	-0.00144
64.4000	-0.00144
64.5000	-0.00144
64.6000	-0.00144
64.7000	-0.00144
64.8000	-0.00144
64.9000	-0.00144
65.0000	-0.00144
65.1000	-0.00144
65.2000	-0.00144
65.3000	-0.00144
65.4000	-0.00144
65.5000	-0.00144
65.6000	-0.00144
65.7000	-0.00144
65.8000	-0.00144
65.9000	-0.00150
66.0000	-0.00150
66.1000	-0.00150
66.2000	-0.00150
66.3000	-0.00150
66.4000	-0.00156
66.5000	-0.00156
66.6000	-0.00156
66.7000	-0.00156
66.8000	-0.00156
66.9000	-0.00156
67.0000	-0.00156
67.1000	-0.00156
67.2000	-0.00156
67.3000	-0.00156
67.4000	-0.00156
67.5000	-0.00156
67.6000	-0.00156
67.7000	-0.00156
67.8000	-0.00156
67.9000	-0.00156
68.0000	-0.00156
68.1000	-0.00156
68.2000	-0.00156
68.3000	-0.00156
68.4000	-0.00156
68.5000	-0.00156
68.6000	-0.00156
68.7000	-0.00156
68.8000	-0.00156
68.9000	-0.00156
69.0000	-0.00156
69.1000	-0.00156
69.2000	-0.00156
69.3000	-0.00156
69.4000	-0.00156
69.5000	-0.00156
69.6000	-0.00156
69.7000	-0.00156
69.8000	-0.00156
69.9000	-0.00156
70.0000	-0.00156
70.1000	-0.00156
70.2000	-0.00156
70.3000	-0.00156
70.4000	-0.00162
70.5000	-0.00162
70.6000	-0.00162
70.7000	-0.00162
70.8000	-0.00162
70.9000	-0.00162
71.0000	-0.00162
71.1000	-0.00162
71.2000	-0.00162
71.3000	-0.00162
71.4000	-0.00162
71.5000	-0.00162
71.6000	-0.00162
71.7000	-0.00162
71.8000	-0.00162
71.9000	-0.00162
72.0000	-0.00162
72.1000	-0.00162
72.2000	-0.00162
72.3000	-0.00162
72.4000	-0.00162
72.5000	-0.00162
72.6000	-0.00162
72.7000	-0.00162
72.8000	-0.00162
72.9000	-0.00162
73.0000	-0.00169
73.1000	-0.00169
73.2000	-0.00169
73.3000	-0.00169
73.4000	-0.00169
73.5000	-0.00169
73.6000	-0.00169
73.7000	-0.00169
73.8000	-0.00169
73.9000	-0.00169
74.0000	-0.00169
74.1000	-0.00169
74.2000	-0.00169
74.3000	-0.00169
74.4000	-0.00169
74.5000	-0.00169
74.6000	-0.00169
74.7000	-0.00169
74.8000	-0.00169
74.9000	-0.00169
75.0000	-0.00169
75.1000	-0.00169
75.2000	-0.00169
75.3000	-0.00169
75.4000	-0.00169
75.5000	-0.00169
75.6000	-0.00169
75.7000	-0.00169
75.8000	-0.00169
75.9000	-0.00169
76.0000	-0.00169
76.1000	-0.00175
76.2000	-0.00175
76.3000	-0.00175
76.4000	-0.00175
76.5000	-0.00175
76.6000	-0.00175
76.7000	-0.00175
76.8000	-0.00175
76.9000	-0.00175
77.0000	-0.00175
77.1000	-0.00175
77.2000	-0.00175
77.3000	-0.00175
77.4000	-0.00175
77.5000	-0.00175
77.6000	-0.00175
77.7000	-0.00175
77.8000	-0.00175
77.9000	-0.00175
78.0000	-0.00175
78.1000	-0.00175
78.2000	-0.00175
78.3000	-0.00175
78.4000	-0.00175
78.5000	-0.00175
78.6000	-0.00175
78.7000	-0.00175
78.8000	-0.00175
78.9000	-0.00175
79.0000	-0.00181
79.1000	-0.00181
79.2000	-0.00181
79.3000	-0.00181
79.4000	-0.00181
79.5000	-0.00181
79.6000	-0.00181
79.7000	-0.00181
79.8000	-0.00181
79.9000	-0.00181
80.0000	-0.00181
80.1000	-0.00181
80.2000	-0.00181
80.3000	-0.00181
80.4000	-0.00181
80.5000	-0.00181
80.6000	-0.00181
80.7000	-0.00181
80.8000	-0.00181
80.9000	-0.00181
81.0000	-0.00181
81.1000	-0.00181
81.2000	-0.00181
81.3000	-0.00181
81.4000	-0.00181
81.5000	-0.00181
81.6000	-0.00187
81.7000	-0.00187
81.8000	-0.00187
81.9000	-0.00187
82.0000	-0.00187
82.1000	-0.00187
82.2000	-0.00187
82.3000	-0.00187
82.4000	-0.00187
82.5000	-0.00187
82.6000	-0.00187
82.7000	-0.00187
82.8000	-0.00187
82.9000	-0.00187
83.0000	-0.00187
83.1000	-0.00187
83.2000	-0.00187
83.3000	-0.00187
83.4000	-0.00187
83.5000	-0.00187
83.6000	-0.00187
83.7000	-0.00187
83.8000	-0.00187
83.9000	-0.00187
84.0000	-0.00187
84.1000	-0.00187
84.2000	-0.00187
84.3000	-0.00187
84.4000	-0.00194
84.5000	-0.00194
84.6000	-0.00194
84.7000	-0.00194
84.8000	-0.00194
84.9000	-0.00194
85.0000	-0.00194
85.1000	-0.00194
85.2000	-0.00194
85.3000	-0.00194
85.4000	-0.00194
85.5000	-0.00194
85.6000	-0.00194
85.7000	-0.00194
85.8000	-0.00194
85.9000	-0.00194
86.0000	-0.00194
86.1000	-0.00194
86.2000	-0.00194
86.3000	-0.00194
86.4000	-0.00194
86.5000	-0.00194
86.6000	-0.00194
86.7000	-0.00194
86.8000	-0.00194
86.9000	-0.00194
87.0000	-0.00194
87.1000	-0.00200
87.2000	-0.00200
87.3000	-0.00200
87.4000	-0.00200
87.5000	-0.00200
87.6000	-0.00200
87.7000	-0.00200
87.8000	-0.00200
87.9000	-0.00200
88.0000	-0.00200
88.1000	-0.00200
88.2000	-0.00200
88.3000	-0.00200
88.4000	-0.00200
88.5000	-0.00200
88.6000	-0.00200
88.7000	-0.00200
88.8000	-0.00200
88.9000	-0.00200
89.0000	-0.00200
89.1000	-0.00200
89.2000	-0.00200
89.3000	-0.00200
89.4000	-0.00200
89.5000	-0.00200
89.6000	-0.00200
89.7000	-0.00200
89.8000	-0.00200
89.9000	-0.00206
90.0000	-0.00206
90.1000	-0.00206
90.2000	-0.00206
90.3000	-0.00206
90.4000	-0.00206
90.5000	-0.00206
90.6000	-0.00206
90.7000	-0.00206
90.8000	-0.00206
90.9000	-0.00206
91.0000	-0.00206
91.1000	-0.00206
91.2000	-0.00206
91.3000	-0.00206
91.4000	-0.00206
91.5000	-0.00206
91.6000	-0.00206
91.7000	-0.00206
91.8000	-0.00206
91.9000	-0.00206
92.0000	-0.00206
92.1000	-0.00206
92.2000	-0.00206
92.3000	-0.00206
92.4000	-0.00206
92.5000	-0.00206
92.6000	-0.00212
92.7000	-0.00212
92.8000	-0.00212
92.9000	-0.00212
93.0000	-0.00212
93.1000	-0.00212
93.2000	-0.00212
93.3000	-0.00212
93.4000	-0.00212
93.5000	-0.00212
93.6000	-0.00212
93.7000	-0.00212
93.8000	-0.00212
93.9000	-0.00212
94.0000	-0.00212
94.1000	-0.00212
94.2000	-0.00212
94.3000	-0.00212
94.4000	-0.00212
94.5000	-0.00212
94.6000	-0.00212
94.7000	-0.00212
94.8000	-0.00212
94.9000	-0.00212
95.0000	-0.00212
95.1000	-0.00212
95.2000	-0.00212
95.3000	-0.00212
95.4000	-0.00219
95.5000	-0.00219
95.6000	-0.00219
95.7000	-0.00219
95.8000	-0.00219
95.9000	-0.00219
96.0000	-0.00219
96.1000	-0.00219
96.2000	-0.00219
96.3000	-0.00219
96.4000	-0.00219
96.5000	-0.00219
96.6000	-0.00219
96.7000	-0.00219
96.8000	-0.00219
96.9000	-0.00219
97.0000	-0.00219
97.1000	-0.00219
97.2000	-0.00219
97.3000	-0.00219
97.4000	-0.00219
97.5000	-0.00219
97.6000	-0.00219
97.7000	-0.00219
97.8000	-0.00219
97.9000	-0.00219
98.0000	-0.00219
98.1000	-0.00219
98.2000	-0.00225
98.3000	-0.00225
98.4000	-0.00225
98.5000	-0.00225
98.6000	-0.00225
98.7000	-0.00225
98.8000	-0.00225
98.9000	-0.00225
99.0000	-0.00225
99.1000	-0.00225
99.2000	-0.00225
99.3000	-0.00225
99.4000	-0.00225
99.5000	-0.00225
99.6000	-0.00225
99.7000	-0.00225
99.8000	-0.00225
99.9000	-0.00225
100.0000	-0.00225
100.1000	-0.00225
100.2000	-0.00225
100.3000	-0.00225
100.4000	-0.00225
100.5000	-0.00225
100.6000	-0.00225
100.7000	-0.00225
100.8000	-0.00225
100.9000	-0.00225
101.0000	-0.00225
101.1000	-0.00231
101.2000	-0.00231
101.3000	-0.00231
101.4000	-0.00231
101.5000	-0.00231
101.6000	-0.00231
101.7000	-0.00231
101.8000	-0.00231
101.9000	-0.00231
102.0000	-0.00231
102.1000	-0.00231
102.2000	-0.00231
102.3000	-0.00231
102.4000	-0.00231
102.5000	-0.00231
102.6000	-0.00231
102.7000	-0.00231
102.8000	-0.00231
102.9000	-0.00231
103.0000	-0.00231
103.1000	-0.00231
103.2000	-0.00231
103.3000	-0.00231
103.4000	-0.00231
103.5000	-0.00231
103.6000	-0.00231
103.7000	-0.00231
103.8000	-0.00237
103.9000	-0.00237
104.0000	-0.00237
104.1000	-0.00237
104.2000	-0.00237
104.3000	-0.00237
104.4000	-0.00237
104.5000	-0.00237
104.6000	-0.00237
104.7000	-0.00237
104.8000	-0.00237
104.9000	-0.00237
105.0000	-0.00237
105.1000	-0.00237
105.2000	-0.00237
105.3000	-0.00237
105.4000	-0.00237
105.5000	-0.00237
105.6000	-0.00237
105.7000	-0.00237
105.8000	-0.00237
105.9000	-0.00237
106.0000	-0.00237
106.1000	-0.00237
106.2000	-0.00237
106.3000	-0.00237
106.4000	-0.00237
106.5000	-0.00237
106.6000	-0.00244
106.7000	-0.00244
106.8000	-0.00244
106.9000	-0.00244
107.0000	-0.00244
107.1000	-0.00244
107.2000	-0.00244
107.3000	-0.00244
107.4000	-0.00244
107.5000	-0.00244
107.6000	-0.00244
107.7000	-0.00244
107.8000	-0.00244
107.9000	-0.00244
108.0000	-0.00244
108.1000	-0.00244
108.2000	-0.00244
108.3000	-0.00244
108.4000	-0.00244
108.5000	-0.00244
108.6000	-0.00244
108.7000	-0.00244
108.8000	-0.00244
108.9000	-0.00244
109.0000	-0.00244
109.1000	-0.00244
109.2000	-0.00250
109.3000	-0.00250
109.4000	-0.00250
109.5000	-0.00250
109.6000	-0.00250
109.7000	-0.00250
109.8000	-0.00250
109.9000	-0.00250
110.0000	-0.00250
110.1000	-0.00250
110.2000	-0.00250
110.3000	-0.00250
110.4000	-0.00250
110.5000	-0.00250
110.6000	-0.00250
110.7000	-0.00250
110.8000	-0.00250
110.9000	-0.00250
111.0000	-0.00250
111.1000	-0.00250
111.2000	-0.00250
111.3000	-0.00250
111.4000	-0.00250
111.5000	-0.00250
111.6000	-0.00250
111.7000	-0.00250
111.8000	-0.00250
111.9000	-0.00250
112.0000	-0.00250
112.1000	-0.00256
112.2000	-0.00256
112.3000	-0.00256
112.4000	-0.00256
112.5000	-0.00256
112.6000	-0.00256
112.7000	-0.00256
112.8000	-0.00256
112.9000	-0.00256
113.0000	-0.00256
113.1000	-0.00256
113.2000	-0.00256
113.3000	-0.00256
113.4000	-0.00256
113.5000	-0.00256
113.6000	-0.00256
113.7000	-0.00256
113.8000	-0.00256
113.9000	-0.00256
114.0000	-0.00256
114.1000	-0.00256
114.2000	-0.00256
114.3000	-0.00256
114.4000	-0.00256
114.5000	-0.00256
114.6000	-0.00256
114.7000	-0.00256
114.8000	-0.00256
114.9000	-0.00262
115.0000	-0.00262
115.1000	-0.00262
115.2000	-0.00262
115.3000	-0.00262
115.4000	-0.00262
115.5000	-0.00262
115.6000	-0.00262
115.7000	-0.00262
115.8000	-0.00262
115.9000	-0.00262
116.0000	-0.00262
116.1000	-0.00262
116.2000	-0.00262
116.3000	-0.00262
116.4000	-0.00262
116.5000	-0.00262
116.6000	-0.00262
116.7000	-0.00262
116.8000	-0.00262
116.9000	-0.00262
117.0000	-0.00262
117.1000	-0.00262
117.2000	-0.00262
117.3000	-0.00262
117.4000	-0.00262
117.5000	-0.00262
117.6000	-0.00262
117.7000	-0.00262
117.8000	-0.00269
117.9000	-0.00269
118.0000	-0.00269
118.1000	-0.00269
118.2000	-0.00269
118.3000	-0.00269
118.4000	-0.00269
118.5000	-0.00269
118.6000	-0.00269
118.7000	-0.00269
118.8000	-0.00269
118.9000	-0.00269
119.0000	-0.00269
119.1000	-0.00269
119.2000	-0.00269
119.3000	-0.00269
119.4000	-0.00269
119.5000	-0.00269
119.6000	-0.00269
119.7000	-0.00269
119.8000	-0.00269
119.9000	-0.00269
120.0000	-0.00269
120.1000	-0.00269
120.2000	-0.00269
120.3000	-0.00269
120.4000	-0.00269
120.5000	-0.00269
120.6000	-0.00275
120.7000	-0.00275
120.8000	-0.00275
120.9000	-0.00275
121.0000	-0.00275
121.1000	-0.00275
121.2000	-0.00275
121.3000	-0.00275
121.4000	-0.00275
121.5000	-0.00275
121.6000	-0.00275
121.7000	-0.00275
121.8000	-0.00275
121.9000	-0.00275
122.0000	-0.00275
122.1000	-0.00275
122.2000	-0.00275
122.3000	-0.00275
122.4000	-0.00275
122.5000	-0.00275
122.6000	-0.00275
122.7000	-0.00275
122.8000	-0.00275
122.9000	-0.00275
123.0000	-0.00275
123.1000	-0.00275
123.2000	-0.00275
123.3000	-0.00275
123.4000	-0.00281
123.5000	-0.00281
123.6000	-0.00281
123.7000	-0.00281
123.8000	-0.00281
123.9000	-0.00281
124.0000	-0.00281
124.1000	-0.00281
124.2000	-0.00281
124.3000	-0.00281
124.4000	-0.00281
124.5000	-0.00281
124.6000	-0.00281
124.7000	-0.00281
124.8000	-0.00281
124.9000	-0.00281
125.0000	-0.00281
125.1000	-0.00281
125.2000	-0.00281
125.3000	-0.00281
125.4000	-0.00281
125.5000	-0.00281
125.6000	-0.00281
125.7000	-0.00281
125.8000	-0.00281
125.9000	-0.00281
126.0000	-0.00281
126.1000	-0.00287
126.2000	-0.00287
126.3000	-0.00287
126.4000	-0.00287
126.5000	-0.00287
126.6000	-0.00287
126.7000	-0.00287
126.8000	-0.00287
126.9000	-0.00287
127.0000	-0.00287
127.1000	-0.00287
127.2000	-0.00287
127.3000	-0.00287
127.4000	-0.00287
127.5000	-0.00287
127.6000	-0.00287
127.7000	-0.00287
127.8000	-0.00287
127.9000	-0.00287
128.0000	-0.00287
128.1000	-0.00287
128.2000	-0.00287
128.3000	-0.00287
128.4000	-0.00287
128.5000	-0.00287
128.6000	-0.00287
128.7000	-0.00287
128.8000	-0.00287
128.9000	-0.00294
129.0000	-0.00294
129.1000	-0.00294
129.2000	-0.00294
129.3000	-0.00294
129.4000	-0.00294
129.5000	-0.00294
129.6000	-0.00294
129.7000	-0.00294
129.8000	-0.00294
129.9000	-0.00294
130.0000	-0.00294
130.1000	-0.00294
130.2000	-0.00294
130.3000	-0.00294
130.4000	-0.00294
130.5000	-0.00294
130.6000	-0.00294
130.7000	-0.00294
130.8000	-0.00294
130.9000	-0.00294
131.0000	-0.00294
131.1000	-0.00294
131.2000	-0.00294
131.3000	-0.00294
131.4000	-0.00294
131.5000	-0.00294
131.6000	-0.00300
131.7000	-0.00300
131.8000	-0.00300
131.9000	-0.00300
132.0000	-0.00300
132.1000	-0.00300
132.2000	-0.00300
132.3000	-0.00300
132.4000	-0.00300
132.5000	-0.00300
132.6000	-0.00300
132.7000	-0.00300
132.8000	-0.00300
132.9000	-0.00300
133.0000	-0.00300
133.1000	-0.00300
133.2000	-0.00300
133.3000	-0.00300
133.4000	-0.00300
133.5000	-0.00300
133.6000	-0.00300
133.7000	-0.00300
133.8000	-0.00300
133.9000	-0.00300
134.0000	-0.00300
134.1000	-0.00300
134.2000	-0.00300
134.3000	-0.00300
134.4000	-0.00300
134.5000	-0.00306
134.6000	-0.00306
134.7000	-0.00306
134.8000	-0.00306
134.9000	-0.00306
135.0000	-0.00306
135.1000	-0.00306
135.2000	-0.00306
135.3000	-0.00306
135.4000	-0.00306
135.5000	-0.00306
135.6000	-0.00306
135.7000	-0.00306
135.8000	-0.00306
135.9000	-0.00306
136.0000	-0.00306
136.1000	-0.00306
136.2000	-0.00306
136.3000	-0.00306
136.4000	-0.00306
136.5000	-0.00306
136.6000	-0.00306
136.7000	-0.00306
136.8000	-0.00306
136.9000	-0.00306
137.0000	-0.00306
137.1000	-0.00312
137.2000	-0.00312
137.3000	-0.00312
137.4000	-0.00312
137.5000	-0.00312
137.6000	-0.00312
137.7000	-0.00312
137.8000	-0.00312
137.9000	-0.00312
138.0000	-0.00312
138.1000	-0.00312
138.2000	-0.00312
138.3000	-0.00312
138.4000	-0.00312
138.5000	-0.00312
138.6000	-0.00312
138.7000	-0.00312
138.8000	-0.00312
138.9000	-0.00312
139.0000	-0.00312
139.1000	-0.00312
139.2000	-0.00312
139.3000	-0.00312
139.4000	-0.00312
139.5000	-0.00312
139.6000	-0.00312
139.7000	-0.00312
139.8000	-0.00312
139.9000	-0.00312
140.0000	-0.00312
140.1000	-0.00319
140.2000	-0.00319
140.3000	-0.00319
140.4000	-0.00319
140.5000	-0.00319
140.6000	-0.00319
140.7000	-0.00319
140.8000	-0.00319
140.9000	-0.00319
141.0000	-0.00319
141.1000	-0.00319
141.2000	-0.00319
141.3000	-0.00319
141.4000	-0.00319
141.5000	-0.00319
141.6000	-0.00319
141.7000	-0.00319
141.8000	-0.00319
141.9000	-0.00319
142.0000	-0.00319
142.1000	-0.00319
142.2000	-0.00319
142.3000	-0.00319
142.4000	-0.00319
142.5000	-0.00319
142.6000	-0.00319
142.7000	-0.00319
142.8000	-0.00325
142.9000	-0.00325
143.0000	-0.00325
143.1000	-0.00325
143.2000	-0.00325
143.3000	-0.00325
143.4000	-0.00325
143.5000	-0.00325
143.6000	-0.00325
143.7000	-0.00325
143.8000	-0.00325
143.9000	-0.00325
144.0000	-0.00325
144.1000	-0.00325
144.2000	-0.00325
144.3000	-0.00325
144.4000	-0.00325
144.5000	-0.00325
144.6000	-0.00325
144.7000	-0.00325
144.8000	-0.00325
144.9000	-0.00325
145.0000	-0.00325
145.1000	-0.00325
145.2000	-0.00325
145.3000	-0.00325
145.4000	-0.00325
145.5000	-0.00325
145.6000	-0.00325
145.7000	-0.00325
145.8000	-0.00325
145.9000	-0.00331
146.0000	-0.00331
146.1000	-0.00331
146.2000	-0.00331
146.3000	-0.00331
146.4000	-0.00331
146.5000	-0.00331
146.6000	-0.00331
146.7000	-0.00331
146.8000	-0.00331
146.9000	-0.00331
147.0000	-0.00331
147.1000	-0.00331
147.2000	-0.00331
147.3000	-0.00331
147.4000	-0.00331
147.5000	-0.00331
147.6000	-0.00331
147.7000	-0.00331
147.8000	-0.00331
147.9000	-0.00331
148.0000	-0.00331
148.1000	-0.00331
148.2000	-0.00331
148.3000	-0.00331
148.4000	-0.00331
148.5000	-0.00337
148.6000	-0.00337
148.7000	-0.00337
148.8000	-0.00337
148.9000	-0.00337
149.0000	-0.00337
149.1000	-0.00337
149.2000	-0.00337
149.3000	-0.00337
149.4000	-0.00337
149.5000	-0.00337
149.6000	-0.00337
149.7000	-0.00337
149.8000	-0.00337
149.9000	-0.00337
150.0000	-0.00337
150.1000	-0.00337
150.2000	-0.00337
150.3000	-0.00337
150.4000	-0.00337
150.5000	-0.00337
150.6000	-0.00337
150.7000	-0.00337
150.8000	-0.00337
150.9000	-0.00337
151.0000	-0.00337
151.1000	-0.00337
151.2000	-0.00337
151.3000	-0.00337
151.4000	-0.00344
151.5000	-0.00344
151.6000	-0.00344
151.7000	-0.00344
151.8000	-0.00344
151.9000	-0.00344
152.0000	-0.00344
152.1000	-0.00344
152.2000	-0.00344
152.3000	-0.00344
152.4000	-0.00344
152.5000	-0.00344
152.6000	-0.00344
152.7000	-0.00344
152.8000	-0.00344
152.9000	-0.00344
153.0000	-0.00344
153.1000	-0.00344
153.2000	-0.00344
153.3000	-0.00344
153.4000	-0.00344
153.5000	-0.00344
153.6000	-0.00344
153.7000	-0.00344
153.8000	-0.00344
153.9000	-0.00344
154.0000	-0.00344
154.1000	-0.00350
154.2000	-0.00350
154.3000	-0.00350
154.4000	-0.00350
154.5000	-0.00350
154.6000	-0.00350
154.7000	-0.00350
154.8000	-0.00350
154.9000	-0.00350
155.0000	-0.00350
155.1000	-0.00350
155.2000	-0.00350
155.3000	-0.00350
155.4000	-0.00350
155.5000	-0.00350
155.6000	-0.00350
155.7000	-0.00350
155.8000	-0.00350
155.9000	-0.00350
156.0000	-0.00350
156.1000	-0.00350
156.2000	-0.00350
156.3000	-0.00350
156.4000	-0.00350
156.5000	-0.00350
156.6000	-0.00350
156.7000	-0.00350
156.8000	-0.00356
156.9000	-0.00356
157.0000	-0.00356
157.1000	-0.00356
157.2000	-0.00356
157.3000	-0.00356
157.4000	-0.00356
157.5000	-0.00356
157.6000	-0.00356
157.7000	-0.00356
157.8000	-0.00356
157.9000	-0.00356
158.0000	-0.00356
158.1000	-0.00356
158.2000	-0.00356
158.3000	-0.00356
158.4000	-0.00356
158.5000	-0.00356
158.6000	-0.00356
158.7000	-0.00356
158.8000	-0.00356
158.9000	-0.00356
159.0000	-0.00356
159.1000	-0.00356
159.2000	-0.00356
159.3000	-0.00356
159.4000	-0.00362
159.5000	-0.00362
159.6000	-0.00362
159.7000	-0.00362
159.8000	-0.00362
159.9000	-0.00362
160.0000	-0.00362
160.1000	-0.00362
160.2000	-0.00362
160.3000	-0.00362
160.4000	-0.00362
160.5000	-0.00362
160.6000	-0.00362
160.7000	-0.00362
160.8000	-0.00362
160.9000	-0.00362
161.0000	-0.00362
161.1000	-0.00362
161.2000	-0.00362
161.3000	-0.00362
161.4000	-0.00362
161.5000	-0.00362
161.6000	-0.00362
161.7000	-0.00362
161.8000	-0.00362
161.9000	-0.00362
162.0000	-0.00362
162.1000	-0.00362
162.2000	-0.00362
162.3000	-0.00369
162.4000	-0.00369
162.5000	-0.00369
162.6000	-0.00369
162.7000	-0.00369
162.8000	-0.00369
162.9000	-0.00369
163.0000	-0.00369
163.1000	-0.00369
163.2000	-0.00369
163.3000	-0.00369
163.4000	-0.00369
163.5000	-0.00369
163.6000	-0.00369
163.7000	-0.00369
163.8000	-0.00369
163.9000	-0.00369
164.0000	-0.00369
164.1000	-0.00369
164.2000	-0.00369
164.3000	-0.00369
164.4000	-0.00369
164.5000	-0.00369
164.6000	-0.00369
164.7000	-0.00369
164.8000	-0.00369
164.9000	-0.00369
165.0000	-0.00375
165.1000	-0.00375
165.2000	-0.00375
165.3000	-0.00375
165.4000	-0.00375
165.5000	-0.00375
165.6000	-0.00375
165.7000	-0.00375
165.8000	-0.00375
165.9000	-0.00375
166.0000	-0.00375
166.1000	-0.00375
166.2000	-0.00375
166.3000	-0.00375
166.4000	-0.00375
166.5000	-0.00375
166.6000	-0.00375
166.7000	-0.00375
166.8000	-0.00375
166.9000	-0.00375
167.0000	-0.00375
167.1000	-0.00375
167.2000	-0.00375
167.3000	-0.00375
167.4000	-0.00375
167.5000	-0.00375
167.6000	-0.00375
167.7000	-0.00375
167.8000	-0.00375
167.9000	-0.00375
168.0000	-0.00375
168.1000	-0.00375
168.2000	-0.00375
168.3000	-0.00381
168.4000	-0.00381
168.5000	-0.00381
168.6000	-0.00381
168.7000	-0.00381
168.8000	-0.00381
168.9000	-0.00381
169.0000	-0.00381
169.1000	-0.00381
169.2000	-0.00381
169.3000	-0.00381
169.4000	-0.00381
169.5000	-0.00381
169.6000	-0.00381
169.7000	-0.00381
169.8000	-0.00381
169.9000	-0.00381
170.0000	-0.00381
170.1000	-0.00381
170.2000	-0.00381
170.3000	-0.00381
170.4000	-0.00381
170.5000	-0.00381
170.6000	-0.00381
170.7000	-0.00381
170.8000	-0.00381
170.9000	-0.00381
171.0000	-0.00381
171.1000	-0.00381
171.2000	-0.00387
171.3000	-0.00387
171.4000	-0.00387
171.5000	-0.00387
171.6000	-0.00387
171.7000	-0.00387
171.8000	-0.00387
171.9000	-0.00387
172.0000	-0.00387
172.1000	-0.00387
172.2000	-0.00387
172.3000	-0.00387
172.4000	-0.00387
172.5000	-0.00387
172.6000	-0.00387
172.7000	-0.00387
172.8000	-0.00387
172.9000	-0.00387
173.0000	-0.00387
173.1000	-0.00387
173.2000	-0.00387
173.3000	-0.00387
173.4000	-0.00387
173.5000	-0.00387
173.6000	-0.00387
173.7000	-0.00387
173.8000	-0.00387
173.9000	-0.00394
174.0000	-0.00394
174.1000	-0.00394
174.2000	-0.00394
174.3000	-0.00394
174.4000	-0.00394
174.5000	-0.00394
174.6000	-0.00394
174.7000	-0.00394
174.8000	-0.00394
174.9000	-0.00394
175.0000	-0.00394
175.1000	-0.00394
175.2000	-0.00394
175.3000	-0.00394
175.4000	-0.00394
175.5000	-0.00394
175.6000	-0.00394
175.7000	-0.00394
175.8000	-0.00394
175.9000	-0.00394
176.0000	-0.00394
176.1000	-0.00394
176.2000	-0.00394
176.3000	-0.00394
176.4000	-0.00394
176.5000	-0.00394
176.6000	-0.00394
176.7000	-0.00400
176.8000	-0.00400
176.9000	-0.00400
177.0000	-0.00400
177.1000	-0.00400
177.2000	-0.00400
177.3000	-0.00400
177.4000	-0.00400
177.5000	-0.00400
177.6000	-0.00400
177.7000	-0.00400
177.8000	-0.00400
177.9000	-0.00400
178.0000	-0.00400
178.1000	-0.00400
178.2000	-0.00400
178.3000	-0.00400
178.4000	-0.00400
178.5000	-0.00400
178.6000	-0.00400
178.7000	-0.00400
178.8000	-0.00400
178.9000	-0.00400
179.0000	-0.00400
179.1000	-0.00400
179.2000	-0.00400
179.3000	-0.00406
179.4000	-0.00406
179.5000	-0.00406
179.6000	-0.00406
179.7000	-0.00406
179.8000	-0.00406
179.9000	-0.00406
180.0000	-0.00406
180.1000	-0.00406
180.2000	-0.00406
180.3000	-0.00406
180.4000	-0.00406
180.5000	-0.00406
180.6000	-0.00406
180.7000	-0.00406
180.8000	-0.00406
180.9000	-0.00406
181.0000	-0.00406
181.1000	-0.00406
181.2000	-0.00406
181.3000	-0.00406
181.4000	-0.00406
181.5000	-0.00406
181.6000	-0.00406
181.7000	-0.00406
181.8000	-0.00406
181.9000	-0.00406
182.0000	-0.00406
182.1000	-0.00406
182.2000	-0.00412
182.3000	-0.00412
182.4000	-0.00412
182.5000	-0.00412
182.6000	-0.00412
182.7000	-0.00412
182.8000	-0.00412
182.9000	-0.00412
183.0000	-0.00412
183.1000	-0.00412
183.2000	-0.00412
183.3000	-0.00412
183.4000	-0.00412
183.5000	-0.00412
183.6000	-0.00412
183.7000	-0.00412
183.8000	-0.00412
183.9000	-0.00412
184.0000	-0.00412
184.1000	-0.00412
184.2000	-0.00412
184.3000	-0.00412
184.4000	-0.00412
184.5000	-0.00412
184.6000	-0.00412
184.7000	-0.00412
184.8000	-0.00412
184.9000	-0.00412
185.0000	-0.00412
185.1000	-0.00419
185.2000	-0.00419
185.3000	-0.00419
185.4000	-0.00419
185.5000	-0.00419
185.6000	-0.00419
185.7000	-0.00419
185.8000	-0.00419
185.9000	-0.00419
186.0000	-0.00419
186.1000	-0.00419
186.2000	-0.00419
186.3000	-0.00419
186.4000	-0.00419
186.5000	-0.00419
186.6000	-0.00419
186.7000	-0.00419
186.8000	-0.00419
186.9000	-0.00419
187.0000	-0.00419
187.1000	-0.00419
187.2000	-0.00419
187.3000	-0.00419
187.4000	-0.00419
187.5000	-0.00419
187.6000	-0.00419
187.7000	-0.00419
187.8000	-0.00419
187.9000	-0.00425
188.0000	-0.00425
188.1000	-0.00425
188.2000	-0.00425
188.3000	-0.00425
188.4000	-0.00425
188.5000	-0.00425
188.6000	-0.00425
188.7000	-0.00425
188.8000	-0.00425
188.9000	-0.00425
189.0000	-0.00425
189.1000	-0.00425
189.2000	-0.00425
189.3000	-0.00425
189.4000	-0.00425
189.5000	-0.00425
189.6000	-0.00425
189.7000	-0.00425
189.8000	-0.00425
189.9000	-0.00425
190.0000	-0.00425
190.1000	-0.00425
190.2000	-0.00425
190.3000	-0.00425
190.4000	-0.00425
190.5000	-0.00425
190.6000	-0.00425
190.7000	-0.00425
190.8000	-0.00431
190.9000	-0.00431
191.0000	-0.00431
191.1000	-0.00431
191.2000	-0.00431
191.3000	-0.00431
191.4000	-0.00431
191.5000	-0.00431
191.6000	-0.00431
191.7000	-0.00431
191.8000	-0.00431
191.9000	-0.00431
192.0000	-0.00431
192.1000	-0.00431
192.2000	-0.00431
192.3000	-0.00431
192.4000	-0.00431
192.5000	-0.00431
192.6000	-0.00431
192.7000	-0.00431
192.8000	-0.00431
192.9000	-0.00431
193.0000	-0.00431
193.1000	-0.00431
193.2000	-0.00431
193.3000	-0.00431
193.4000	-0.00431
193.5000	-0.00431
193.6000	-0.00437
193.7000	-0.00437
193.8000	-0.00437
193.9000	-0.00437
194.0000	-0.00437
194.1000	-0.00437
194.2000	-0.00437
194.3000	-0.00437
194.4000	-0.00437
194.5000	-0.00437
194.6000	-0.00437
194.7000	-0.00437
194.8000	-0.00437
194.9000	-0.00437
195.0000	-0.00437
195.1000	-0.00437
195.2000	-0.00437
195.3000	-0.00437
195.4000	-0.00437
195.5000	-0.00437
195.6000	-0.00437
195.7000	-0.00437
195.8000	-0.00437
195.9000	-0.00437
196.0000	-0.00437
196.1000	-0.00437
196.2000	-0.00437
196.3000	-0.00437
196.4000	-0.00437
196.5000	-0.00444
196.6000	-0.00444
196.7000	-0.00444
196.8000	-0.00444
196.9000	-0.00444
197.0000	-0.00444
197.1000	-0.00444
197.2000	-0.00444
197.3000	-0.00444
197.4000	-0.00444
197.5000	-0.00444
197.6000	-0.00444
197.7000	-0.00444
197.8000	-0.00444
197.9000	-0.00444
198.0000	-0.00444
198.1000	-0.00444
198.2000	-0.00444
198.3000	-0.00444
198.4000	-0.00444
198.5000	-0.00444
198.6000	-0.00444
198.7000	-0.00444
198.8000	-0.00444
198.9000	-0.00444
199.0000	-0.00444
199.1000	-0.00444
199.2000	-0.00450
199.3000	-0.00450
199.4000	-0.00450
199.5000	-0.00450
199.6000	-0.00450
199.7000	-0.00450
199.8000	-0.00450
199.9000	-0.00450
200.0000	-0.00450
200.1000	-0.00450
200.2000	-0.00450
200.3000	-0.00450
200.4000	-0.00450
200.5000	-0.00450
200.6000	-0.00450
200.7000	-0.00450
200.8000	-0.00450
200.9000	-0.00450
201.0000	-0.00450
201.1000	-0.00450
201.2000	-0.00450
201.3000	-0.00450
201.4000	-0.00450
201.5000	-0.00450
201.6000	-0.00450
201.7000	-0.00450
201.8000	-0.00450
201.9000	-0.00450
202.0000	-0.00450
202.1000	-0.00456
202.2000	-0.00456
202.3000	-0.00456
202.4000	-0.00456
202.5000	-0.00456
202.6000	-0.00456
202.7000	-0.00456
202.8000	-0.00456
202.9000	-0.00456
203.0000	-0.00456
203.1000	-0.00456
203.2000	-0.00456
203.3000	-0.00456
203.4000	-0.00456
203.5000	-0.00456
203.6000	-0.00456
203.7000	-0.00456
203.8000	-0.00456
203.9000	-0.00456
204.0000	-0.00456
204.1000	-0.00456
204.2000	-0.00456
204.3000	-0.00456
204.4000	-0.00456
204.5000	-0.00456
204.6000	-0.00456
204.7000	-0.00456
204.8000	-0.00456
204.9000	-0.00456
205.0000	-0.00462
205.1000	-0.00462
205.2000	-0.00462
205.3000	-0.00462
205.4000	-0.00462
205.5000	-0.00462
205.6000	-0.00462
205.7000	-0.00462
205.8000	-0.00462
205.9000	-0.00462
206.0000	-0.00462
206.1000	-0.00462
206.2000	-0.00462
206.3000	-0.00462
206.4000	-0.00462
206.5000	-0.00462
206.6000	-0.00462
206.7000	-0.00462
206.8000	-0.00462
206.9000	-0.00462
207.0000	-0.00462
207.1000	-0.00462
207.2000	-0.00462
207.3000	-0.00462
207.4000	-0.00462
207.5000	-0.00462
207.6000	-0.00462
207.7000	-0.00462
207.8000	-0.00469
207.9000	-0.00469
208.0000	-0.00469
208.1000	-0.00469
208.2000	-0.00469
208.3000	-0.00469
208.4000	-0.00469
208.5000	-0.00469
208.6000	-0.00469
208.7000	-0.00469
208.8000	-0.00469
208.9000	-0.00469
209.0000	-0.00469
209.1000	-0.00469
209.2000	-0.00469
209.3000	-0.00469
209.4000	-0.00469
209.5000	-0.00469
209.6000	-0.00469
209.7000	-0.00469
209.8000	-0.00469
209.9000	-0.00469
210.0000	-0.00469
210.1000	-0.00469
210.2000	-0.00469
210.3000	-0.00469
210.4000	-0.00469
210.5000	-0.00469
210.6000	-0.00475
210.7000	-0.00475
210.8000	-0.00475
210.9000	-0.00475
211.0000	-0.00475
211.1000	-0.00475
211.2000	-0.00475
211.3000	-0.00475
211.4000	-0.00475
211.5000	-0.00475
211.6000	-0.00475
211.7000	-0.00475
211.8000	-0.00475
211.9000	-0.00475
212.0000	-0.00475
212.1000	-0.00475
212.2000	-0.00475
212.3000	-0.00475
212.4000	-0.00475
212.5000	-0.00475
212.6000	-0.00475
212.7000	-0.00475
212.8000	-0.00475
212.9000	-0.00475
213.0000	-0.00475
213.1000	-0.00475
213.2000	-0.00475
213.3000	-0.00475
213.4000	-0.00475
213.5000	-0.00475
213.6000	-0.00481
213.7000	-0.00481
213.8000	-0.00481
213.9000	-0.00481
214.0000	-0.00481
214.1000	-0.00481
214.2000	-0.00481
214.3000	-0.00481
214.4000	-0.00481
214.5000	-0.00481
214.6000	-0.00481
214.7000	-0.00481
214.8000	-0.00481
214.9000	-0.00481
215.0000	-0.00481
215.1000	-0.00481
215.2000	-0.00481
215.3000	-0.00481
215.4000	-0.00481
215.5000	-0.00481
215.6000	-0.00481
215.7000	-0.00481
215.8000	-0.00481
215.9000	-0.00481
216.0000	-0.00481
216.1000	-0.00481
216.2000	-0.00481
216.3000	-0.00481
216.4000	-0.00487
216.5000	-0.00487
216.6000	-0.00487
216.7000	-0.00487
216.8000	-0.00487
216.9000	-0.00487
217.0000	-0.00487
217.1000	-0.00487
217.2000	-0.00487
217.3000	-0.00487
217.4000	-0.00487
217.5000	-0.00487
217.6000	-0.00487
217.7000	-0.00487
217.8000	-0.00487
217.9000	-0.00487
218.0000	-0.00487
218.1000	-0.00487
218.2000	-0.00487
218.3000	-0.00487
218.4000	-0.00487
218.5000	-0.00487
218.6000	-0.00487
218.7000	-0.00487
218.8000	-0.00487
218.9000	-0.00487
219.0000	-0.00487
219.1000	-0.00487
219.2000	-0.00487
219.3000	-0.00494
219.4000	-0.00494
219.5000	-0.00494
219.6000	-0.00494
219.7000	-0.00494
219.8000	-0.00494
219.9000	-0.00494
220.0000	-0.00494
220.1000	-0.00494
220.2000	-0.00494
220.3000	-0.00494
220.4000	-0.00494
220.5000	-0.00494
220.6000	-0.00494
220.7000	-0.00494
220.8000	-0.00494
220.9000	-0.00494
221.0000	-0.00494
221.1000	-0.00494
221.2000	-0.00494
221.3000	-0.00494
221.4000	-0.00494
221.5000	-0.00494
221.6000	-0.00494
221.7000	-0.00494
221.8000	-0.00494
221.9000	-0.00494
222.0000	-0.00494
222.1000	-0.00494
222.2000	-0.00494
222.3000	-0.00500
222.4000	-0.00500
222.5000	-0.00500
222.6000	-0.00500
222.7000	-0.00500
222.8000	-0.00500
222.9000	-0.00500
223.0000	-0.00500
223.1000	-0.00500
223.2000	-0.00500
223.3000	-0.00500
223.4000	-0.00500
223.5000	-0.00500
223.6000	-0.00500
223.7000	-0.00500
223.8000	-0.00500
223.9000	-0.00500
224.0000	-0.00500
224.1000	-0.00500
224.2000	-0.00500
224.3000	-0.00500
224.4000	-0.00500
224.5000	-0.00500
224.6000	-0.00500
224.7000	-0.00500
224.8000	-0.00500
224.9000	-0.00500
225.0000	-0.00500
225.1000	-0.00500
225.2000	-0.00506
225.3000	-0.00506
225.4000	-0.00506
225.5000	-0.00506
225.6000	-0.00506
225.7000	-0.00506
225.8000	-0.00506
225.9000	-0.00506
226.0000	-0.00506
226.1000	-0.00506
226.2000	-0.00506
226.3000	-0.00506
226.4000	-0.00506
226.5000	-0.00506
226.6000	-0.00506
226.7000	-0.00506
226.8000	-0.00506
226.9000	-0.00506
227.0000	-0.00506
227.1000	-0.00506
227.2000	-0.00506
227.3000	-0.00506
227.4000	-0.00506
227.5000	-0.00506
227.6000	-0.00506
227.7000	-0.00506
227.8000	-0.00506
227.9000	-0.00506
228.0000	-0.00506
228.1000	-0.00513
228.2000	-0.00513
228.3000	-0.00513
228.4000	-0.00513
228.5000	-0.00513
228.6000	-0.00513
228.7000	-0.00513
228.8000	-0.00513
228.9000	-0.00513
229.0000	-0.00513
229.1000	-0.00513
229.2000	-0.00513
229.3000	-0.00513
229.4000	-0.00513
229.5000	-0.00513
229.6000	-0.00513
229.7000	-0.00513
229.8000	-0.00513
229.9000	-0.00513
230.0000	-0.00513
230.1000	-0.00513
230.2000	-0.00513
230.3000	-0.00513
230.4000	-0.00513
230.5000	-0.00513
230.6000	-0.00513
230.7000	-0.00513
230.8000	-0.00513
230.9000	-0.00519
231.0000	-0.00519
231.1000	-0.00519
231.2000	-0.00519
231.3000	-0.00519
231.4000	-0.00519
231.5000	-0.00519
231.6000	-0.00519
231.7000	-0.00519
231.8000	-0.00519
231.9000	-0.00519
232.0000	-0.00519
232.1000	-0.00519
232.2000	-0.00519
232.3000	-0.00519
232.4000	-0.00519
232.5000	-0.00519
232.6000	-0.00519
232.7000	-0.00519
232.8000	-0.00519
232.9000	-0.00519
233.0000	-0.00519
233.1000	-0.00519
233.2000	-0.00519
233.3000	-0.00519
233.4000	-0.00519
233.5000	-0.00519
233.6000	-0.00519
233.7000	-0.00525
233.8000	-0.00525
233.9000	-0.00525
234.0000	-0.00525
234.1000	-0.00525
234.2000	-0.00525
234.3000	-0.00525
234.4000	-0.00525
234.5000	-0.00525
234.6000	-0.00525
234.7000	-0.00525
234.8000	-0.00525
234.9000	-0.00525
235.0000	-0.00525
235.1000	-0.00525
235.2000	-0.00525
235.3000	-0.00525
235.4000	-0.00525
235.5000	-0.00525
235.6000	-0.00525
235.7000	-0.00525
235.8000	-0.00525
235.9000	-0.00525
236.0000	-0.00525
236.1000	-0.00525
236.2000	-0.00525
236.3000	-0.00525
236.4000	-0.00525
236.5000	-0.00525
236.6000	-0.00531
236.7000	-0.00531
236.8000	-0.00531
236.9000	-0.00531
237.0000	-0.00531
237.1000	-0.00531
237.2000	-0.00531
237.3000	-0.00531
237.4000	-0.00531
237.5000	-0.00531
237.6000	-0.00531
237.7000	-0.00531
237.8000	-0.00531
237.9000	-0.00531
238.0000	-0.00531
238.1000	-0.00531
238.2000	-0.00531
238.3000	-0.00531
238.4000	-0.00531
238.5000	-0.00531
238.6000	-0.00531
238.7000	-0.00531
238.8000	-0.00531
238.9000	-0.00531
239.0000	-0.00531
239.1000	-0.00531
239.2000	-0.00531
239.3000	-0.00537
239.4000	-0.00537
239.5000	-0.00537
239.6000	-0.00537
239.7000	-0.00537
239.8000	-0.00537
239.9000	-0.00537
240.0000	-0.00537
240.1000	-0.00537
240.2000	-0.00537
240.3000	-0.00537
240.4000	-0.00537
240.5000	-0.00537
240.6000	-0.00537
240.7000	-0.00537
240.8000	-0.00537
240.9000	-0.00537
241.0000	-0.00537
241.1000	-0.00537
241.2000	-0.00537
241.3000	-0.00537
241.4000	-0.00537
241.5000	-0.00537
241.6000	-0.00537
241.7000	-0.00537
241.8000	-0.00537
241.9000	-0.00537
242.0000	-0.00537
242.1000	-0.00537
242.2000	-0.00537
242.3000	-0.00544
242.4000	-0.00544
242.5000	-0.00544
242.6000	-0.00544
242.7000	-0.00544
242.8000	-0.00544
242.9000	-0.00544
243.0000	-0.00544
243.1000	-0.00544
243.2000	-0.00544
243.3000	-0.00544
243.4000	-0.00544
243.5000	-0.00544
243.6000	-0.00544
243.7000	-0.00544
243.8000	-0.00544
243.9000	-0.00544
244.0000	-0.00544
244.1000	-0.00544
244.2000	-0.00544
244.3000	-0.00544
244.4000	-0.00544
244.5000	-0.00544
244.6000	-0.00544
244.7000	-0.00544
244.8000	-0.00544
244.9000	-0.00544
245.0000	-0.00550
245.1000	-0.00550
245.2000	-0.00550
245.3000	-0.00550
245.4000	-0.00550
245.5000	-0.00550
245.6000	-0.00550
245.7000	-0.00550
245.8000	-0.00550
245.9000	-0.00550
246.0000	-0.00550
246.1000	-0.00550
246.2000	-0.00550
246.3000	-0.00550
246.4000	-0.00550
246.5000	-0.00550
246.6000	-0.00550
246.7000	-0.00550
246.8000	-0.00550
246.9000	-0.00550
247.0000	-0.00550
247.1000	-0.00550
247.2000	-0.00550
247.3000	-0.00550
247.4000	-0.00550
247.5000	-0.00550
247.6000	-0.00550
247.7000	-0.00550
247.8000	-0.00550
247.9000	-0.00556
248.0000	-0.00556
248.1000	-0.00556
248.2000	-0.00556
248.3000	-0.00556
248.4000	-0.00556
248.5000	-0.00556
248.6000	-0.00556
248.7000	-0.00556
248.8000	-0.00556
248.9000	-0.00556
249.0000	-0.00556
249.1000	-0.00556
249.2000	-0.00556
249.3000	-0.00556
249.4000	-0.00556
249.5000	-0.00556
249.6000	-0.00556
249.7000	-0.00556
249.8000	-0.00556
249.9000	-0.00556
250.0000	-0.00556
250.1000	-0.00556
250.2000	-0.00556
250.3000	-0.00556
250.4000	-0.00556
250.5000	-0.00556
250.6000	-0.00556
250.7000	-0.00562
250.8000	-0.00562
250.9000	-0.00562
251.0000	-0.00562
251.1000	-0.00562
251.2000	-0.00562
251.3000	-0.00562
251.4000	-0.00562
251.5000	-0.00562
251.6000	-0.00562
251.7000	-0.00562
251.8000	-0.00562
251.9000	-0.00562
252.0000	-0.00562
252.1000	-0.00562
252.2000	-0.00562
252.3000	-0.00562
252.4000	-0.00562
252.5000	-0.00562
252.6000	-0.00562
252.7000	-0.00562
252.8000	-0.00562
252.9000	-0.00562
253.0000	-0.00562
253.1000	-0.00562
253.2000	-0.00562
253.3000	-0.00562
253.4000	-0.00562
253.5000	-0.00562
253.6000	-0.00562
253.7000	-0.00569
253.8000	-0.00569
253.9000	-0.00569
254.0000	-0.00569
254.1000	-0.00569
254.2000	-0.00569
254.3000	-0.00569
254.4000	-0.00569
254.5000	-0.00569
254.6000	-0.00569
254.7000	-0.00569
254.8000	-0.00569
254.9000	-0.00569
255.0000	-0.00569
255.1000	-0.00569
255.2000	-0.00569
255.3000	-0.00569
255.4000	-0.00569
255.5000	-0.00569
255.6000	-0.00569
255.7000	-0.00569
255.8000	-0.00569
255.9000	-0.00569
256.0000	-0.00569
256.1000	-0.00569
256.2000	-0.00569
256.3000	-0.00569
256.4000	-0.00569
256.5000	-0.00575
256.6000	-0.00575
256.7000	-0.00575
256.8000	-0.00575
256.9000	-0.00575
257.0000	-0.00575
257.1000	-0.00575
257.2000	-0.00575
257.3000	-0.00575
257.4000	-0.00575
257.5000	-0.00575
257.6000	-0.00575
257.7000	-0.00575
257.8000	-0.00575
257.9000	-0.00575
258.0000	-0.00575
258.1000	-0.00575
258.2000	-0.00575
258.3000	-0.00575
258.4000	-0.00575
258.5000	-0.00575
258.6000	-0.00575
258.7000	-0.00575
258.8000	-0.00575
258.9000	-0.00575
259.0000	-0.00575
259.1000	-0.00575
259.2000	-0.00575
259.3000	-0.00575
259.4000	-0.00575
259.5000	-0.00581
259.6000	-0.00581
259.7000	-0.00581
259.8000	-0.00581
259.9000	-0.00581
260.0000	-0.00581
260.1000	-0.00581
260.2000	-0.00581
260.3000	-0.00581
260.4000	-0.00581
260.5000	-0.00581
260.6000	-0.00581
260.7000	-0.00581
260.8000	-0.00581
260.9000	-0.00581
261.0000	-0.00581
261.1000	-0.00581
261.2000	-0.00581
261.3000	-0.00581
261.4000	-0.00581
261.5000	-0.00581
261.6000	-0.00581
261.7000	-0.00581
261.8000	-0.00581
261.9000	-0.00581
262.0000	-0.00581
262.1000	-0.00581
262.2000	-0.00581
262.3000	-0.00581
262.4000	-0.00587
262.5000	-0.00587
262.6000	-0.00587
262.7000	-0.00587
262.8000	-0.00587
262.9000	-0.00587
263.0000	-0.00587
263.1000	-0.00587
263.2000	-0.00587
263.3000	-0.00587
263.4000	-0.00587
263.5000	-0.00587
263.6000	-0.00587
263.7000	-0.00587
263.8000	-0.00587
263.9000	-0.00587
264.0000	-0.00587
264.1000	-0.00587
264.2000	-0.00587
264.3000	-0.00587
264.4000	-0.00587
264.5000	-0.00587
264.6000	-0.00587
264.7000	-0.00587
264.8000	-0.00587
264.9000	-0.00587
265.0000	-0.00587
265.1000	-0.00587
265.2000	-0.00587
265.3000	-0.00587
265.4000	-0.00594
265.5000	-0.00594
265.6000	-0.00594
265.7000	-0.00594
265.8000	-0.00594
265.9000	-0.00594
266.0000	-0.00594
266.1000	-0.00594
266.2000	-0.00594
266.3000	-0.00594
266.4000	-0.00594
266.5000	-0.00594
266.6000	-0.00594
266.7000	-0.00594
266.8000	-0.00594
266.9000	-0.00594
267.0000	-0.00594
267.1000	-0.00594
267.2000	-0.00594
267.3000	-0.00594
267.4000	-0.00594
267.5000	-0.00594
267.6000	-0.00594
267.7000	-0.00594
267.8000	-0.00594
267.9000	-0.00594
268.0000	-0.00594
268.1000	-0.00600
268.2000	-0.00600
268.3000	-0.00600
268.4000	-0.00600
268.5000	-0.00600
268.6000	-0.00600
268.7000	-0.00600
268.8000	-0.00600
268.9000	-0.00600
269.0000	-0.00600
269.1000	-0.00600
269.2000	-0.00600
269.3000	-0.00600
269.4000	-0.00600
269.5000	-0.00600
269.6000	-0.00600
269.7000	-0.00600
269.8000	-0.00600
269.9000	-0.00600
270.0000	-0.00600
270.1000	-0.00600
270.2000	-0.00600
270.3000	-0.00600
270.4000	-0.00600
270.5000	-0.00600
270.6000	-0.00600
270.7000	-0.00600
270.8000	-0.00600
270.9000	-0.00600
271.0000	-0.00600
271.1000	-0.00600
271.2000	-0.00606
271.3000	-0.00606
271.4000	-0.00606
271.5000	-0.00606
271.6000	-0.00606
271.7000	-0.00606
271.8000	-0.00606
271.9000	-0.00606
272.0000	-0.00606
272.1000	-0.00606
272.2000	-0.00606
272.3000	-0.00606
272.4000	-0.00606
272.5000	-0.00606
272.6000	-0.00606
272.7000	-0.00606
272.8000	-0.00606
272.9000	-0.00606
273.0000	-0.00606
273.1000	-0.00606
273.2000	-0.00606
273.3000	-0.00606
273.4000	-0.00606
273.5000	-0.00606
273.6000	-0.00606
273.7000	-0.00606
273.8000	-0.00606
273.9000	-0.00606
274.0000	-0.00612
274.1000	-0.00612
274.2000	-0.00612
274.3000	-0.00612
274.4000	-0.00612
274.5000	-0.00612
274.6000	-0.00612
274.7000	-0.00612
274.8000	-0.00612
274.9000	-0.00612
275.0000	-0.00612
275.1000	-0.00612
275.2000	-0.00612
275.3000	-0.00612
275.4000	-0.00612
275.5000	-0.00612
275.6000	-0.00612
275.7000	-0.00612
275.8000	-0.00612
275.9000	-0.00612
276.0000	-0.00612
276.1000	-0.00612
276.2000	-0.00612
276.3000	-0.00612
276.4000	-0.00612
276.5000	-0.00612
276.6000	-0.00612
276.7000	-0.00612
276.8000	-0.00612
276.9000	-0.00619
277.0000	-0.00619
277.1000	-0.00619
277.2000	-0.00619
277.3000	-0.00619
277.4000	-0.00619
277.5000	-0.00619
277.6000	-0.00619
277.7000	-0.00619
277.8000	-0.00619
277.9000	-0.00619
278.0000	-0.00619
278.1000	-0.00619
278.2000	-0.00619
278.3000	-0.00619
278.4000	-0.00619
278.5000	-0.00619
278.6000	-0.00619
278.7000	-0.00619
278.8000	-0.00619
278.9000	-0.00619
279.0000	-0.00619
279.1000	-0.00619
279.2000	-0.00619
279.3000	-0.00619
279.4000	-0.00619
279.5000	-0.00619
279.6000	-0.00625
279.7000	-0.00625
279.8000	-0.00625
279.9000	-0.00625
280.0000	-0.00625
280.1000	-0.00625
280.2000	-0.00625
280.3000	-0.00625
280.4000	-0.00625
280.5000	-0.00625
280.6000	-0.00625
280.7000	-0.00625
280.8000	-0.00625
280.9000	-0.00625
281.0000	-0.00625
281.1000	-0.00625
281.2000	-0.00625
281.3000	-0.00625
281.4000	-0.00625
281.5000	-0.00625
281.6000	-0.00625
281.7000	-0.00625
281.8000	-0.00625
281.9000	-0.00625
282.0000	-0.00625
282.1000	-0.00625
282.2000	-0.00625
282.3000	-0.00625
282.4000	-0.00625
282.5000	-0.00625
282.6000	-0.00625
282.7000	-0.00631
282.8000	-0.00631
282.9000	-0.00631
283.0000	-0.00631
283.1000	-0.00631
283.2000	-0.00631
283.3000	-0.00631
283.4000	-0.00631
283.5000	-0.00631
283.6000	-0.00631
283.7000	-0.00631
283.8000	-0.00631
283.9000	-0.00631
284.0000	-0.00631
284.1000	-0.00631
284.2000	-0.00631
284.3000	-0.00631
284.4000	-0.00631
284.5000	-0.00631
284.6000	-0.00631
284.7000	-0.00631
284.8000	-0.00631
284.9000	-0.00631
285.0000	-0.00631
285.1000	-0.00631
285.2000	-0.00631
285.3000	-0.00637
285.4000	-0.00637
285.5000	-0.00637
285.6000	-0.00637
285.7000	-0.00637
285.8000	-0.00637
285.9000	-0.00637
286.0000	-0.00637
286.1000	-0.00637
286.2000	-0.00637
286.3000	-0.00637
286.4000	-0.00637
286.5000	-0.00637
286.6000	-0.00637
286.7000	-0.00637
286.8000	-0.00637
286.9000	-0.00637
287.0000	-0.00637
287.1000	-0.00637
287.2000	-0.00637
287.3000	-0.00637
287.4000	-0.00637
287.5000	-0.00637
287.6000	-0.00637
287.7000	-0.00637
287.8000	-0.00637
287.9000	-0.00637
288.0000	-0.00637
288.1000	-0.00644
288.2000	-0.00644
288.3000	-0.00644
288.4000	-0.00644
288.5000	-0.00644
288.6000	-0.00644
288.7000	-0.00644
288.8000	-0.00644
288.9000	-0.00644
289.0000	-0.00644
289.1000	-0.00644
289.2000	-0.00644
289.3000	-0.00644
289.4000	-0.00644
289.5000	-0.00644
289.6000	-0.00644
289.7000	-0.00644
289.8000	-0.00644
289.9000	-0.00644
290.0000	-0.00644
290.1000	-0.00644
290.2000	-0.00644
290.3000	-0.00644
290.4000	-0.00644
290.5000	-0.00644
290.6000	-0.00644
290.7000	-0.00644
290.8000	-0.00644
290.9000	-0.00644
291.0000	-0.00644
291.1000	-0.00644
291.2000	-0.00650
291.3000	-0.00650
291.4000	-0.00650
291.5000	-0.00650
291.6000	-0.00650
291.7000	-0.00650
291.8000	-0.00650
291.9000	-0.00650
292.0000	-0.00650
292.1000	-0.00650
292.2000	-0.00650
292.3000	-0.00650
292.4000	-0.00650
292.5000	-0.00650
292.6000	-0.00650
292.7000	-0.00650
292.8000	-0.00650
292.9000	-0.00650
293.0000	-0.00650
293.1000	-0.00650
293.2000	-0.00650
293.3000	-0.00650
293.4000	-0.00650
293.5000	-0.00650
293.6000	-0.00650
293.7000	-0.00650
293.8000	-0.00650
293.9000	-0.00650
294.0000	-0.00650
294.1000	-0.00650
294.2000	-0.00656
294.3000	-0.00656
294.4000	-0.00656
294.5000	-0.00656
294.6000	-0.00656
294.7000	-0.00656
294.8000	-0.00656
294.9000	-0.00656
295.0000	-0.00656
295.1000	-0.00656
295.2000	-0.00656
295.3000	-0.00656
295.4000	-0.00656
295.5000	-0.00656
295.6000	-0.00656
295.7000	-0.00656
295.8000	-0.00656
295.9000	-0.00656
296.0000	-0.00656
296.1000	-0.00656
296.2000	-0.00656
296.3000	-0.00656
296.4000	-0.00656
296.5000	-0.00656
296.6000	-0.00663
296.7000	-0.00663
296.8000	-0.00663
296.9000	-0.00663
297.0000	-0.00663
297.1000	-0.00663
297.2000	-0.00663
297.3000	-0.00663
297.4000	-0.00663
297.5000	-0.00663
297.6000	-0.00663
297.7000	-0.00663
297.8000	-0.00663
297.9000	-0.00663
298.0000	-0.00663
298.1000	-0.00663
298.2000	-0.00663
298.3000	-0.00663
298.4000	-0.00663
298.5000	-0.00663
298.6000	-0.00663
298.7000	-0.00663
298.8000	-0.00663
298.9000	-0.00663
299.0000	-0.00663
299.1000	-0.00663
299.2000	-0.00663
299.3000	-0.00663
299.4000	-0.00663
299.5000	-0.00663
299.6000	-0.00663
299.7000	-0.00663
299.8000	-0.00669
299.9000	-0.00669
300.0000	-0.00669
300.1000	-0.00669
300.2000	-0.00669
300.3000	-0.00669
300.4000	-0.00669
300.5000	-0.00669
300.6000	-0.00669
300.7000	-0.00669
300.8000	-0.00669
300.9000	-0.00669
301.0000	-0.00669
301.1000	-0.00669
301.2000	-0.00669
301.3000	-0.00669
301.4000	-0.00669
301.5000	-0.00669
301.6000	-0.00669
301.7000	-0.00669
301.8000	-0.00669
301.9000	-0.00669
302.0000	-0.00669
302.1000	-0.00669
302.2000	-0.00669
302.3000	-0.00669
302.4000	-0.00669
302.5000	-0.00669
302.6000	-0.00675
302.7000	-0.00675
302.8000	-0.00675
302.9000	-0.00675
303.0000	-0.00675
303.1000	-0.00675
303.2000	-0.00675
303.3000	-0.00675
303.4000	-0.00675
303.5000	-0.00675
303.6000	-0.00675
303.7000	-0.00675
303.8000	-0.00675
303.9000	-0.00675
304.0000	-0.00675
304.1000	-0.00675
304.2000	-0.00675
304.3000	-0.00675
304.4000	-0.00675
304.5000	-0.00675
304.6000	-0.00675
304.7000	-0.00675
304.8000	-0.00675
304.9000	-0.00675
305.0000	-0.00675
305.1000	-0.00675
305.2000	-0.00675
305.3000	-0.00675
305.4000	-0.00675
305.5000	-0.00675
305.6000	-0.00675
305.7000	-0.00675
305.8000	-0.00675
305.9000	-0.00675
306.0000	-0.00681
306.1000	-0.00681
306.2000	-0.00681
306.3000	-0.00681
306.4000	-0.00681
306.5000	-0.00681
306.6000	-0.00681
306.7000	-0.00681
306.8000	-0.00681
306.9000	-0.00681
307.0000	-0.00681
307.1000	-0.00681
307.2000	-0.00681
307.3000	-0.00681
307.4000	-0.00681
307.5000	-0.00681
307.6000	-0.00681
307.7000	-0.00681
307.8000	-0.00681
307.9000	-0.00681
308.0000	-0.00681
308.1000	-0.00681
308.2000	-0.00681
308.3000	-0.00681
308.4000	-0.00681
308.5000	-0.00681
308.6000	-0.00687
308.7000	-0.00687
308.8000	-0.00687
308.9000	-0.00687
309.0000	-0.00687
309.1000	-0.00687
309.2000	-0.00687
309.3000	-0.00687
309.4000	-0.00687
309.5000	-0.00687
309.6000	-0.00687
309.7000	-0.00687
309.8000	-0.00687
309.9000	-0.00687
310.0000	-0.00687
310.1000	-0.00687
310.2000	-0.00687
310.3000	-0.00687
310.4000	-0.00687
310.5000	-0.00687
310.6000	-0.00687
310.7000	-0.00687
310.8000	-0.00687
310.9000	-0.00687
311.0000	-0.00687
311.1000	-0.00687
311.2000	-0.00687
311.3000	-0.00687
311.4000	-0.00687
311.5000	-0.00687
311.6000	-0.00694
311.7000	-0.00694
311.8000	-0.00694
311.9000	-0.00694
312.0000	-0.00694
312.1000	-0.00694
312.2000	-0.00694
312.3000	-0.00694
312.4000	-0.00694
312.5000	-0.00694
312.6000	-0.00694
312.7000	-0.00694
312.8000	-0.00694
312.9000	-0.00694
313.0000	-0.00694
313.1000	-0.00694
313.2000	-0.00694
313.3000	-0.00694
313.4000	-0.00694
313.5000	-0.00694
313.6000	-0.00694
313.7000	-0.00694
313.8000	-0.00694
313.9000	-0.00694
314.0000	-0.00694
314.1000	-0.00694
314.2000	-0.00694
314.3000	-0.00694
314.4000	-0.00694
314.5000	-0.00700
314.6000	-0.00700
314.7000	-0.00700
314.8000	-0.00700
314.9000	-0.00700
315.0000	-0.00700
315.1000	-0.00700
315.2000	-0.00700
315.3000	-0.00700
315.4000	-0.00700
315.5000	-0.00700
315.6000	-0.00700
315.7000	-0.00700
315.8000	-0.00700
315.9000	-0.00700
316.0000	-0.00700
316.1000	-0.00700
316.2000	-0.00700
316.3000	-0.00700
316.4000	-0.00700
316.5000	-0.00700
316.6000	-0.00700
316.7000	-0.00700
316.8000	-0.00700
316.9000	-0.00700
317.0000	-0.00700
317.1000	-0.00700
317.2000	-0.00700
317.3000	-0.00700
317.4000	-0.00700
317.5000	-0.00706
317.6000	-0.00706
317.7000	-0.00706
317.8000	-0.00706
317.9000	-0.00706
318.0000	-0.00706
318.1000	-0.00706
318.2000	-0.00706
318.3000	-0.00706
318.4000	-0.00706
318.5000	-0.00706
318.6000	-0.00706
318.7000	-0.00706
318.8000	-0.00706
318.9000	-0.00706
319.0000	-0.00706
319.1000	-0.00706
319.2000	-0.00706
319.3000	-0.00706
319.4000	-0.00706
319.5000	-0.00706
319.6000	-0.00706
319.7000	-0.00706
319.8000	-0.00706
319.9000	-0.00706
320.0000	-0.00706
320.1000	-0.00706
320.2000	-0.00713
320.3000	-0.00713
320.4000	-0.00713
320.5000	-0.00713
320.6000	-0.00713
320.7000	-0.00713
320.8000	-0.00713
320.9000	-0.00713
321.0000	-0.00713
321.1000	-0.00713
321.2000	-0.00713
321.3000	-0.00713
321.4000	-0.00713
321.5000	-0.00713
321.6000	-0.00713
321.7000	-0.00713
321.8000	-0.00713
321.9000	-0.00713
322.0000	-0.00713
322.1000	-0.00713
322.2000	-0.00713
322.3000	-0.00713
322.4000	-0.00713
322.5000	-0.00713
322.6000	-0.00713
322.7000	-0.00713
322.8000	-0.00713
322.9000	-0.00713
323.0000	-0.00719
323.1000	-0.00719
323.2000	-0.00719
323.3000	-0.00719
323.4000	-0.00719
323.5000	-0.00719
323.6000	-0.00719
323.7000	-0.00719
323.8000	-0.00719
323.9000	-0.00719
324.0000	-0.00719
324.1000	-0.00719
324.2000	-0.00719
324.3000	-0.00719
324.4000	-0.00719
324.5000	-0.00719
324.6000	-0.00719
324.7000	-0.00719
324.8000	-0.00719
324.9000	-0.00719
325.0000	-0.00719
325.1000	-0.00719
325.2000	-0.00719
325.3000	-0.00719
325.4000	-0.00719
325.5000	-0.00719
325.6000	-0.00719
325.7000	-0.00719
325.8000	-0.00719
325.9000	-0.00719
326.0000	-0.00725
326.1000	-0.00725
326.2000	-0.00725
326.3000	-0.00725
326.4000	-0.00725
326.5000	-0.00725
326.6000	-0.00725
326.7000	-0.00725
326.8000	-0.00725
326.9000	-0.00725
327.0000	-0.00725
327.1000	-0.00725
327.2000	-0.00725
327.3000	-0.00725
327.4000	-0.00725
327.5000	-0.00725
327.6000	-0.00725
327.7000	-0.00725
327.8000	-0.00725
327.9000	-0.00725
328.0000	-0.00725
328.1000	-0.00725
328.2000	-0.00725
328.3000	-0.00725
328.4000	-0.00725
328.5000	-0.00725
328.6000	-0.00725
328.7000	-0.00725
328.8000	-0.00725
328.9000	-0.00731
329.0000	-0.00731
329.1000	-0.00731
329.2000	-0.00731
329.3000	-0.00731
329.4000	-0.00731
329.5000	-0.00731
329.6000	-0.00731
329.7000	-0.00731
329.8000	-0.00731
329.9000	-0.00731
330.0000	-0.00731
330.1000	-0.00731
330.2000	-0.00731
330.3000	-0.00731
330.4000	-0.00731
330.5000	-0.00731
330.6000	-0.00731
330.7000	-0.00731
330.8000	-0.00731
330.9000	-0.00731
331.0000	-0.00731
331.1000	-0.00731
331.2000	-0.00731
331.3000	-0.00731
331.4000	-0.00737
331.5000	-0.00737
331.6000	-0.00737
331.7000	-0.00737
331.8000	-0.00737
331.9000	-0.00737
332.0000	-0.00737
332.1000	-0.00737
332.2000	-0.00737
332.3000	-0.00737
332.4000	-0.00737
332.5000	-0.00737
332.6000	-0.00737
332.7000	-0.00737
332.8000	-0.00737
332.9000	-0.00737
333.0000	-0.00737
333.1000	-0.00737
333.2000	-0.00737
333.3000	-0.00737
333.4000	-0.00737
333.5000	-0.00737
333.6000	-0.00737
333.7000	-0.00737
333.8000	-0.00737
333.9000	-0.00737
334.0000	-0.00737
334.1000	-0.00737
334.2000	-0.00737
334.3000	-0.00737
334.4000	-0.00737
334.5000	-0.00744
334.6000	-0.00744
334.7000	-0.00744
334.8000	-0.00744
334.9000	-0.00744
335.0000	-0.00744
335.1000	-0.00744
335.2000	-0.00744
335.3000	-0.00744
335.4000	-0.00744
335.5000	-0.00744
335.6000	-0.00744
335.7000	-0.00744
335.8000	-0.00744
335.9000	-0.00744
336.0000	-0.00744
336.1000	-0.00744
336.2000	-0.00744
336.3000	-0.00744
336.4000	-0.00744
336.5000	-0.00744
336.6000	-0.00744
336.7000	-0.00744
336.8000	-0.00744
336.9000	-0.00744
337.0000	-0.00744
337.1000	-0.00744
337.2000	-0.00750
337.3000	-0.00750
337.4000	-0.00750
337.5000	-0.00750
337.6000	-0.00750
337.7000	-0.00750
337.8000	-0.00750
337.9000	-0.00750
338.0000	-0.00750
