Posizione, Can 1 e 2, Raccolta #6
Tempo ( s )	Posizione ( m )
0,0000	0,00000
0,1000	0,00000
0,2000	0,00000
0,3000	0,00000
0,4000	0,00000
0,5000	0,00000
0,6000	0,00000
0,7000	0,00000
0,8000	0,00000
0,9000	0,00000
1,0000	0,00000
1,1000	0,00000
1,2000	0,00000
1,3000	0,00000
1,4000	-6,25000E-5
1,5000	-6,25000E-5
1,6000	-6,25000E-5
1,7000	-6,25000E-5
1,8000	-6,25000E-5
1,9000	-6,25000E-5
2,0000	-6,25000E-5
2,1000	-6,25000E-5
2,2000	-6,25000E-5
2,3000	-6,25000E-5
2,4000	-6,25000E-5
2,5000	-6,25000E-5
2,6000	-6,25000E-5
2,7000	-6,25000E-5
2,8000	-6,25000E-5
2,9000	-6,25000E-5
3,0000	-6,25000E-5
3,1000	-6,25000E-5
3,2000	-6,25000E-5
3,3000	-6,25000E-5
3,4000	-6,25000E-5
3,5000	-6,25000E-5
3,6000	-6,25000E-5
3,7000	-6,25000E-5
3,8000	-6,25000E-5
3,9000	-6,25000E-5
4,0000	-6,25000E-5
4,1000	-6,25000E-5
4,2000	-6,25000E-5
4,3000	-6,25000E-5
4,4000	-6,25000E-5
4,5000	-6,25000E-5
4,6000	-6,25000E-5
4,7000	-1,25000E-4
4,8000	-1,25000E-4
4,9000	-1,25000E-4
5,0000	-1,25000E-4
5,1000	-1,25000E-4
5,2000	-1,25000E-4
5,3000	-1,25000E-4
5,4000	-1,25000E-4
5,5000	-1,25000E-4
5,6000	-1,25000E-4
5,7000	-1,25000E-4
5,8000	-1,25000E-4
5,9000	-1,25000E-4
6,0000	-1,25000E-4
6,1000	-1,25000E-4
6,2000	-1,25000E-4
6,3000	-1,25000E-4
6,4000	-1,25000E-4
6,5000	-1,25000E-4
6,6000	-1,25000E-4
6,7000	-1,25000E-4
6,8000	-1,25000E-4
6,9000	-1,25000E-4
7,0000	-1,25000E-4
7,1000	-1,25000E-4
7,2000	-1,25000E-4
7,3000	-1,25000E-4
7,4000	-1,25000E-4
7,5000	-1,25000E-4
7,6000	-1,25000E-4
7,7000	-1,25000E-4
7,8000	-1,25000E-4
7,9000	-1,25000E-4
8,0000	-1,25000E-4
8,1000	-1,25000E-4
8,2000	-1,25000E-4
8,3000	-1,87500E-4
8,4000	-1,87500E-4
8,5000	-1,87500E-4
8,6000	-1,87500E-4
8,7000	-1,87500E-4
8,8000	-1,87500E-4
8,9000	-1,87500E-4
9,0000	-1,87500E-4
9,1000	-1,87500E-4
9,2000	-1,87500E-4
9,3000	-1,87500E-4
9,4000	-1,87500E-4
9,5000	-1,87500E-4
9,6000	-1,87500E-4
9,7000	-1,87500E-4
9,8000	-1,87500E-4
9,9000	-1,87500E-4
10,0000	-1,87500E-4
10,1000	-1,87500E-4
10,2000	-1,87500E-4
10,3000	-1,87500E-4
10,4000	-1,87500E-4
10,5000	-1,87500E-4
10,6000	-1,87500E-4
10,7000	-1,87500E-4
10,8000	-1,87500E-4
10,9000	-1,87500E-4
11,0000	-1,87500E-4
11,1000	-1,87500E-4
11,2000	-1,87500E-4
11,3000	-1,87500E-4
11,4000	-1,87500E-4
11,5000	-1,87500E-4
11,6000	-1,87500E-4
11,7000	-2,50000E-4
11,8000	-2,50000E-4
11,9000	-2,50000E-4
12,0000	-2,50000E-4
12,1000	-2,50000E-4
12,2000	-2,50000E-4
12,3000	-2,50000E-4
12,4000	-2,50000E-4
12,5000	-2,50000E-4
12,6000	-2,50000E-4
12,7000	-2,50000E-4
12,8000	-2,50000E-4
12,9000	-2,50000E-4
13,0000	-2,50000E-4
13,1000	-2,50000E-4
13,2000	-2,50000E-4
13,3000	-2,50000E-4
13,4000	-2,50000E-4
13,5000	-2,50000E-4
13,6000	-2,50000E-4
13,7000	-2,50000E-4
13,8000	-2,50000E-4
13,9000	-2,50000E-4
14,0000	-2,50000E-4
14,1000	-2,50000E-4
14,2000	-2,50000E-4
14,3000	-2,50000E-4
14,4000	-2,50000E-4
14,5000	-2,50000E-4
14,6000	-2,50000E-4
14,7000	-2,50000E-4
14,8000	-2,50000E-4
14,9000	-2,50000E-4
15,0000	-2,50000E-4
15,1000	-3,12500E-4
15,2000	-3,12500E-4
15,3000	-3,12500E-4
15,4000	-3,12500E-4
15,5000	-3,12500E-4
15,6000	-3,12500E-4
15,7000	-3,12500E-4
15,8000	-3,12500E-4
15,9000	-3,12500E-4
16,0000	-3,12500E-4
16,1000	-3,12500E-4
16,2000	-3,12500E-4
16,3000	-3,12500E-4
16,4000	-3,12500E-4
16,5000	-3,12500E-4
16,6000	-3,12500E-4
16,7000	-3,12500E-4
16,8000	-3,12500E-4
16,9000	-3,12500E-4
17,0000	-3,12500E-4
17,1000	-3,12500E-4
17,2000	-3,12500E-4
17,3000	-3,12500E-4
17,4000	-3,12500E-4
17,5000	-3,12500E-4
17,6000	-3,12500E-4
17,7000	-3,12500E-4
17,8000	-3,12500E-4
17,9000	-3,12500E-4
18,0000	-3,12500E-4
18,1000	-3,12500E-4
18,2000	-3,12500E-4
18,3000	-3,12500E-4
18,4000	-3,75000E-4
18,5000	-3,75000E-4
18,6000	-3,75000E-4
18,7000	-3,75000E-4
18,8000	-3,75000E-4
18,9000	-3,75000E-4
19,0000	-3,75000E-4
19,1000	-3,75000E-4
19,2000	-3,75000E-4
19,3000	-3,75000E-4
19,4000	-3,75000E-4
19,5000	-3,75000E-4
19,6000	-3,75000E-4
19,7000	-3,75000E-4
19,8000	-3,75000E-4
19,9000	-3,75000E-4
20,0000	-3,75000E-4
20,1000	-3,75000E-4
20,2000	-3,75000E-4
20,3000	-3,75000E-4
20,4000	-3,75000E-4
20,5000	-3,75000E-4
20,6000	-3,75000E-4
20,7000	-3,75000E-4
20,8000	-3,75000E-4
20,9000	-3,75000E-4
21,0000	-3,75000E-4
21,1000	-3,75000E-4
21,2000	-3,75000E-4
21,3000	-3,75000E-4
21,4000	-3,75000E-4
21,5000	-3,75000E-4
21,6000	-3,75000E-4
21,7000	-3,75000E-4
21,8000	-3,75000E-4
21,9000	-3,75000E-4
22,0000	-4,37500E-4
22,1000	-4,37500E-4
22,2000	-4,37500E-4
22,3000	-4,37500E-4
22,4000	-4,37500E-4
22,5000	-4,37500E-4
22,6000	-4,37500E-4
22,7000	-4,37500E-4
22,8000	-4,37500E-4
22,9000	-4,37500E-4
23,0000	-4,37500E-4
23,1000	-4,37500E-4
23,2000	-4,37500E-4
23,3000	-4,37500E-4
23,4000	-4,37500E-4
23,5000	-4,37500E-4
23,6000	-4,37500E-4
23,7000	-4,37500E-4
23,8000	-4,37500E-4
23,9000	-4,37500E-4
24,0000	-4,37500E-4
24,1000	-4,37500E-4
24,2000	-4,37500E-4
24,3000	-4,37500E-4
24,4000	-4,37500E-4
24,5000	-4,37500E-4
24,6000	-4,37500E-4
24,7000	-4,37500E-4
24,8000	-4,37500E-4
24,9000	-4,37500E-4
25,0000	-5,00000E-4
25,1000	-5,00000E-4
25,2000	-5,00000E-4
25,3000	-5,00000E-4
25,4000	-5,00000E-4
25,5000	-5,00000E-4
25,6000	-5,00000E-4
25,7000	-5,00000E-4
25,8000	-5,00000E-4
25,9000	-5,00000E-4
26,0000	-5,00000E-4
26,1000	-5,00000E-4
26,2000	-5,00000E-4
26,3000	-5,00000E-4
26,4000	-5,00000E-4
26,5000	-5,00000E-4
26,6000	-5,00000E-4
26,7000	-5,00000E-4
26,8000	-5,00000E-4
26,9000	-5,00000E-4
27,0000	-5,00000E-4
27,1000	-5,00000E-4
27,2000	-5,00000E-4
27,3000	-5,00000E-4
27,4000	-5,00000E-4
27,5000	-5,00000E-4
27,6000	-5,00000E-4
27,7000	-5,00000E-4
27,8000	-5,00000E-4
27,9000	-5,00000E-4
28,0000	-5,00000E-4
28,1000	-5,00000E-4
28,2000	-5,00000E-4
28,3000	-5,00000E-4
28,4000	-5,00000E-4
28,5000	-5,00000E-4
28,6000	-5,00000E-4
28,7000	-5,00000E-4
28,8000	-5,00000E-4
28,9000	-5,62500E-4
29,0000	-5,62500E-4
29,1000	-5,62500E-4
29,2000	-5,62500E-4
29,3000	-5,62500E-4
29,4000	-5,62500E-4
29,5000	-5,62500E-4
29,6000	-5,62500E-4
29,7000	-5,62500E-4
29,8000	-5,62500E-4
29,9000	-5,62500E-4
30,0000	-5,62500E-4
30,1000	-5,62500E-4
30,2000	-5,62500E-4
30,3000	-5,62500E-4
30,4000	-5,62500E-4
30,5000	-5,62500E-4
30,6000	-5,62500E-4
30,7000	-5,62500E-4
30,8000	-5,62500E-4
30,9000	-5,62500E-4
31,0000	-5,62500E-4
31,1000	-5,62500E-4
31,2000	-5,62500E-4
31,3000	-5,62500E-4
31,4000	-5,62500E-4
31,5000	-5,62500E-4
31,6000	-5,62500E-4
31,7000	-5,62500E-4
31,8000	-5,62500E-4
31,9000	-5,62500E-4
32,0000	-6,25000E-4
32,1000	-6,25000E-4
32,2000	-6,25000E-4
32,3000	-6,25000E-4
32,4000	-6,25000E-4
32,5000	-6,25000E-4
32,6000	-6,25000E-4
32,7000	-6,25000E-4
32,8000	-6,25000E-4
32,9000	-6,25000E-4
33,0000	-6,25000E-4
33,1000	-6,25000E-4
33,2000	-6,25000E-4
33,3000	-6,25000E-4
33,4000	-6,25000E-4
33,5000	-6,25000E-4
33,6000	-6,25000E-4
33,7000	-6,25000E-4
33,8000	-6,25000E-4
33,9000	-6,25000E-4
34,0000	-6,25000E-4
34,1000	-6,25000E-4
34,2000	-6,25000E-4
34,3000	-6,25000E-4
34,4000	-6,25000E-4
34,5000	-6,25000E-4
34,6000	-6,25000E-4
34,7000	-6,25000E-4
34,8000	-6,25000E-4
34,9000	-6,25000E-4
35,0000	-6,25000E-4
35,1000	-6,25000E-4
35,2000	-6,25000E-4
35,3000	-6,25000E-4
35,4000	-6,25000E-4
35,5000	-6,25000E-4
35,6000	-6,25000E-4
35,7000	-6,87500E-4
35,8000	-6,87500E-4
35,9000	-6,87500E-4
36,0000	-6,87500E-4
36,1000	-6,87500E-4
36,2000	-6,87500E-4
36,3000	-6,87500E-4
36,4000	-6,87500E-4
36,5000	-6,87500E-4
36,6000	-6,87500E-4
36,7000	-6,87500E-4
36,8000	-6,87500E-4
36,9000	-6,87500E-4
37,0000	-6,87500E-4
37,1000	-6,87500E-4
37,2000	-6,87500E-4
37,3000	-6,87500E-4
37,4000	-6,87500E-4
37,5000	-6,87500E-4
37,6000	-6,87500E-4
37,7000	-6,87500E-4
37,8000	-6,87500E-4
37,9000	-6,87500E-4
38,0000	-6,87500E-4
38,1000	-6,87500E-4
38,2000	-6,87500E-4
38,3000	-6,87500E-4
38,4000	-6,87500E-4
38,5000	-6,87500E-4
38,6000	-6,87500E-4
38,7000	-6,87500E-4
38,8000	-6,87500E-4
38,9000	-6,87500E-4
39,0000	-7,50000E-4
39,1000	-7,50000E-4
39,2000	-7,50000E-4
39,3000	-7,50000E-4
39,4000	-7,50000E-4
39,5000	-7,50000E-4
39,6000	-7,50000E-4
39,7000	-7,50000E-4
39,8000	-7,50000E-4
39,9000	-7,50000E-4
40,0000	-7,50000E-4
40,1000	-7,50000E-4
40,2000	-7,50000E-4
40,3000	-7,50000E-4
40,4000	-7,50000E-4
40,5000	-7,50000E-4
40,6000	-7,50000E-4
40,7000	-7,50000E-4
40,8000	-7,50000E-4
40,9000	-7,50000E-4
41,0000	-7,50000E-4
41,1000	-7,50000E-4
41,2000	-7,50000E-4
41,3000	-7,50000E-4
41,4000	-7,50000E-4
41,5000	-7,50000E-4
41,6000	-7,50000E-4
41,7000	-7,50000E-4
41,8000	-7,50000E-4
41,9000	-7,50000E-4
42,0000	-7,50000E-4
42,1000	-7,50000E-4
42,2000	-7,50000E-4
42,3000	-8,12500E-4
42,4000	-8,12500E-4
42,5000	-8,12500E-4
42,6000	-8,12500E-4
42,7000	-8,12500E-4
42,8000	-8,12500E-4
42,9000	-8,12500E-4
43,0000	-8,12500E-4
43,1000	-8,12500E-4
43,2000	-8,12500E-4
43,3000	-8,12500E-4
43,4000	-8,12500E-4
43,5000	-8,12500E-4
43,6000	-8,12500E-4
43,7000	-8,12500E-4
43,8000	-8,12500E-4
43,9000	-8,12500E-4
44,0000	-8,12500E-4
44,1000	-8,12500E-4
44,2000	-8,12500E-4
44,3000	-8,12500E-4
44,4000	-8,12500E-4
44,5000	-8,12500E-4
44,6000	-8,12500E-4
44,7000	-8,12500E-4
44,8000	-8,12500E-4
44,9000	-8,12500E-4
45,0000	-8,12500E-4
45,1000	-8,12500E-4
45,2000	-8,12500E-4
45,3000	-8,12500E-4
45,4000	-8,12500E-4
45,5000	-8,12500E-4
45,6000	-8,12500E-4
45,7000	-8,12500E-4
45,8000	-8,75000E-4
45,9000	-8,75000E-4
46,0000	-8,75000E-4
46,1000	-8,75000E-4
46,2000	-8,75000E-4
46,3000	-8,75000E-4
46,4000	-8,75000E-4
46,5000	-8,75000E-4
46,6000	-8,75000E-4
46,7000	-8,75000E-4
46,8000	-8,75000E-4
46,9000	-8,75000E-4
47,0000	-8,75000E-4
47,1000	-8,75000E-4
47,2000	-8,75000E-4
47,3000	-8,75000E-4
47,4000	-8,75000E-4
47,5000	-8,75000E-4
47,6000	-8,75000E-4
47,7000	-8,75000E-4
47,8000	-8,75000E-4
47,9000	-8,75000E-4
48,0000	-8,75000E-4
48,1000	-8,75000E-4
48,2000	-8,75000E-4
48,3000	-8,75000E-4
48,4000	-8,75000E-4
48,5000	-8,75000E-4
48,6000	-8,75000E-4
48,7000	-8,75000E-4
48,8000	-8,75000E-4
48,9000	-8,75000E-4
49,0000	-8,75000E-4
49,1000	-8,75000E-4
49,2000	-8,75000E-4
49,3000	-8,75000E-4
49,4000	-9,37500E-4
49,5000	-9,37500E-4
49,6000	-9,37500E-4
49,7000	-9,37500E-4
49,8000	-9,37500E-4
49,9000	-9,37500E-4
50,0000	-9,37500E-4
50,1000	-9,37500E-4
50,2000	-9,37500E-4
50,3000	-9,37500E-4
50,4000	-9,37500E-4
50,5000	-9,37500E-4
50,6000	-9,37500E-4
50,7000	-9,37500E-4
50,8000	-9,37500E-4
50,9000	-9,37500E-4
51,0000	-9,37500E-4
51,1000	-9,37500E-4
51,2000	-9,37500E-4
51,3000	-9,37500E-4
51,4000	-9,37500E-4
51,5000	-9,37500E-4
51,6000	-9,37500E-4
51,7000	-9,37500E-4
51,8000	-9,37500E-4
51,9000	-9,37500E-4
52,0000	-9,37500E-4
52,1000	-9,37500E-4
52,2000	-9,37500E-4
52,3000	-9,37500E-4
52,4000	-9,37500E-4
52,5000	-0,00100
52,6000	-0,00100
52,7000	-0,00100
52,8000	-0,00100
52,9000	-0,00100
53,0000	-0,00100
53,1000	-0,00100
53,2000	-0,00100
53,3000	-0,00100
53,4000	-0,00100
53,5000	-0,00100
53,6000	-0,00100
53,7000	-0,00100
53,8000	-0,00100
53,9000	-0,00100
54,0000	-0,00100
54,1000	-0,00100
54,2000	-0,00100
54,3000	-0,00100
54,4000	-0,00100
54,5000	-0,00100
54,6000	-0,00100
54,7000	-0,00100
54,8000	-0,00100
54,9000	-0,00100
55,0000	-0,00100
55,1000	-0,00100
55,2000	-0,00100
55,3000	-0,00100
55,4000	-0,00100
55,5000	-0,00100
55,6000	-0,00100
55,7000	-0,00100
55,8000	-0,00100
55,9000	-0,00100
56,0000	-0,00100
56,1000	-0,00100
56,2000	-0,00100
56,3000	-0,00106
56,4000	-0,00106
56,5000	-0,00106
56,6000	-0,00106
56,7000	-0,00106
56,8000	-0,00106
56,9000	-0,00106
57,0000	-0,00106
57,1000	-0,00106
57,2000	-0,00106
57,3000	-0,00106
57,4000	-0,00106
57,5000	-0,00106
57,6000	-0,00106
57,7000	-0,00106
57,8000	-0,00106
57,9000	-0,00106
58,0000	-0,00106
58,1000	-0,00106
58,2000	-0,00106
58,3000	-0,00106
58,4000	-0,00106
58,5000	-0,00106
58,6000	-0,00106
58,7000	-0,00106
58,8000	-0,00106
58,9000	-0,00106
59,0000	-0,00112
59,1000	-0,00112
59,2000	-0,00112
59,3000	-0,00112
59,4000	-0,00112
59,5000	-0,00112
59,6000	-0,00112
59,7000	-0,00112
59,8000	-0,00112
59,9000	-0,00112
60,0000	-0,00112
60,1000	-0,00112
60,2000	-0,00112
60,3000	-0,00112
60,4000	-0,00112
60,5000	-0,00112
60,6000	-0,00112
60,7000	-0,00112
60,8000	-0,00112
60,9000	-0,00112
61,0000	-0,00112
61,1000	-0,00112
61,2000	-0,00112
61,3000	-0,00112
61,4000	-0,00112
61,5000	-0,00112
61,6000	-0,00112
61,7000	-0,00112
61,8000	-0,00112
61,9000	-0,00112
62,0000	-0,00112
62,1000	-0,00112
62,2000	-0,00112
62,3000	-0,00112
62,4000	-0,00112
62,5000	-0,00112
62,6000	-0,00112
62,7000	-0,00112
62,8000	-0,00112
62,9000	-0,00119
63,0000	-0,00119
63,1000	-0,00119
63,2000	-0,00119
63,3000	-0,00119
63,4000	-0,00119
63,5000	-0,00119
63,6000	-0,00119
63,7000	-0,00119
63,8000	-0,00119
63,9000	-0,00119
64,0000	-0,00119
64,1000	-0,00119
64,2000	-0,00119
64,3000	-0,00119
64,4000	-0,00119
64,5000	-0,00119
64,6000	-0,00119
64,7000	-0,00119
64,8000	-0,00119
64,9000	-0,00119
65,0000	-0,00119
65,1000	-0,00119
65,2000	-0,00119
65,3000	-0,00119
65,4000	-0,00119
65,5000	-0,00119
65,6000	-0,00119
65,7000	-0,00119
65,8000	-0,00119
65,9000	-0,00119
66,0000	-0,00119
66,1000	-0,00119
66,2000	-0,00119
66,3000	-0,00125
66,4000	-0,00125
66,5000	-0,00125
66,6000	-0,00125
66,7000	-0,00125
66,8000	-0,00125
66,9000	-0,00125
67,0000	-0,00125
67,1000	-0,00125
67,2000	-0,00125
67,3000	-0,00125
67,4000	-0,00125
67,5000	-0,00125
67,6000	-0,00125
67,7000	-0,00125
67,8000	-0,00125
67,9000	-0,00125
68,0000	-0,00125
68,1000	-0,00125
68,2000	-0,00125
68,3000	-0,00125
68,4000	-0,00125
68,5000	-0,00125
68,6000	-0,00125
68,7000	-0,00125
68,8000	-0,00125
68,9000	-0,00125
69,0000	-0,00125
69,1000	-0,00125
69,2000	-0,00125
69,3000	-0,00125
69,4000	-0,00125
69,5000	-0,00125
69,6000	-0,00125
69,7000	-0,00125
69,8000	-0,00125
69,9000	-0,00131
70,0000	-0,00131
70,1000	-0,00131
70,2000	-0,00131
70,3000	-0,00131
70,4000	-0,00131
70,5000	-0,00131
70,6000	-0,00131
70,7000	-0,00131
70,8000	-0,00131
70,9000	-0,00131
71,0000	-0,00131
71,1000	-0,00131
71,2000	-0,00131
71,3000	-0,00131
71,4000	-0,00131
71,5000	-0,00131
71,6000	-0,00131
71,7000	-0,00131
71,8000	-0,00131
71,9000	-0,00131
72,0000	-0,00131
72,1000	-0,00131
72,2000	-0,00131
72,3000	-0,00131
72,4000	-0,00131
72,5000	-0,00131
72,6000	-0,00131
72,7000	-0,00131
72,8000	-0,00131
72,9000	-0,00131
73,0000	-0,00131
73,1000	-0,00137
73,2000	-0,00137
73,3000	-0,00137
73,4000	-0,00137
73,5000	-0,00137
73,6000	-0,00137
73,7000	-0,00137
73,8000	-0,00137
73,9000	-0,00137
74,0000	-0,00137
74,1000	-0,00137
74,2000	-0,00137
74,3000	-0,00137
74,4000	-0,00137
74,5000	-0,00137
74,6000	-0,00137
74,7000	-0,00137
74,8000	-0,00137
74,9000	-0,00137
75,0000	-0,00137
75,1000	-0,00137
75,2000	-0,00137
75,3000	-0,00137
75,4000	-0,00137
75,5000	-0,00137
75,6000	-0,00137
75,7000	-0,00137
75,8000	-0,00137
75,9000	-0,00137
76,0000	-0,00137
76,1000	-0,00137
76,2000	-0,00137
76,3000	-0,00137
76,4000	-0,00137
76,5000	-0,00137
76,6000	-0,00144
76,7000	-0,00144
76,8000	-0,00144
76,9000	-0,00144
77,0000	-0,00144
77,1000	-0,00144
77,2000	-0,00144
77,3000	-0,00144
77,4000	-0,00144
77,5000	-0,00144
77,6000	-0,00144
77,7000	-0,00144
77,8000	-0,00144
77,9000	-0,00144
78,0000	-0,00144
78,1000	-0,00144
78,2000	-0,00144
78,3000	-0,00144
78,4000	-0,00144
78,5000	-0,00144
78,6000	-0,00144
78,7000	-0,00144
78,8000	-0,00144
78,9000	-0,00144
79,0000	-0,00144
79,1000	-0,00144
79,2000	-0,00144
79,3000	-0,00144
79,4000	-0,00144
79,5000	-0,00144
79,6000	-0,00144
79,7000	-0,00144
79,8000	-0,00144
79,9000	-0,00144
80,0000	-0,00150
80,1000	-0,00150
80,2000	-0,00150
80,3000	-0,00150
80,4000	-0,00150
80,5000	-0,00150
80,6000	-0,00150
80,7000	-0,00150
80,8000	-0,00150
80,9000	-0,00150
81,0000	-0,00150
81,1000	-0,00150
81,2000	-0,00150
81,3000	-0,00150
81,4000	-0,00150
81,5000	-0,00150
81,6000	-0,00150
81,7000	-0,00150
81,8000	-0,00150
81,9000	-0,00150
82,0000	-0,00150
82,1000	-0,00150
82,2000	-0,00150
82,3000	-0,00150
82,4000	-0,00150
82,5000	-0,00150
82,6000	-0,00150
82,7000	-0,00150
82,8000	-0,00150
82,9000	-0,00150
83,0000	-0,00150
83,1000	-0,00150
83,2000	-0,00150
83,3000	-0,00150
83,4000	-0,00150
83,5000	-0,00150
83,6000	-0,00156
83,7000	-0,00156
83,8000	-0,00156
83,9000	-0,00156
84,0000	-0,00156
84,1000	-0,00156
84,2000	-0,00156
84,3000	-0,00156
84,4000	-0,00156
84,5000	-0,00156
84,6000	-0,00156
84,7000	-0,00156
84,8000	-0,00156
84,9000	-0,00156
85,0000	-0,00156
85,1000	-0,00156
85,2000	-0,00156
85,3000	-0,00156
85,4000	-0,00156
85,5000	-0,00156
85,6000	-0,00156
85,7000	-0,00156
85,8000	-0,00156
85,9000	-0,00156
86,0000	-0,00156
86,1000	-0,00156
86,2000	-0,00156
86,3000	-0,00156
86,4000	-0,00156
86,5000	-0,00156
86,6000	-0,00156
86,7000	-0,00156
86,8000	-0,00156
86,9000	-0,00162
87,0000	-0,00162
87,1000	-0,00162
87,2000	-0,00162
87,3000	-0,00162
87,4000	-0,00162
87,5000	-0,00162
87,6000	-0,00162
87,7000	-0,00162
87,8000	-0,00162
87,9000	-0,00162
88,0000	-0,00162
88,1000	-0,00162
88,2000	-0,00162
88,3000	-0,00162
88,4000	-0,00162
88,5000	-0,00162
88,6000	-0,00162
88,7000	-0,00162
88,8000	-0,00162
88,9000	-0,00162
89,0000	-0,00162
89,1000	-0,00162
89,2000	-0,00162
89,3000	-0,00162
89,4000	-0,00162
89,5000	-0,00162
89,6000	-0,00162
89,7000	-0,00162
89,8000	-0,00162
89,9000	-0,00162
90,0000	-0,00162
90,1000	-0,00162
90,2000	-0,00162
90,3000	-0,00162
90,4000	-0,00169
90,5000	-0,00169
90,6000	-0,00169
90,7000	-0,00169
90,8000	-0,00169
90,9000	-0,00169
91,0000	-0,00169
91,1000	-0,00169
91,2000	-0,00169
91,3000	-0,00169
91,4000	-0,00169
91,5000	-0,00169
91,6000	-0,00169
91,7000	-0,00169
91,8000	-0,00169
91,9000	-0,00169
92,0000	-0,00169
92,1000	-0,00169
92,2000	-0,00169
92,3000	-0,00169
92,4000	-0,00169
92,5000	-0,00169
92,6000	-0,00169
92,7000	-0,00169
92,8000	-0,00169
92,9000	-0,00169
93,0000	-0,00169
93,1000	-0,00169
93,2000	-0,00169
93,3000	-0,00169
93,4000	-0,00169
93,5000	-0,00169
93,6000	-0,00169
93,7000	-0,00169
93,8000	-0,00175
93,9000	-0,00175
94,0000	-0,00175
94,1000	-0,00175
94,2000	-0,00175
94,3000	-0,00175
94,4000	-0,00175
94,5000	-0,00175
94,6000	-0,00175
94,7000	-0,00175
94,8000	-0,00175
94,9000	-0,00175
95,0000	-0,00175
95,1000	-0,00175
95,2000	-0,00175
95,3000	-0,00175
95,4000	-0,00175
95,5000	-0,00175
95,6000	-0,00175
95,7000	-0,00175
95,8000	-0,00175
95,9000	-0,00175
96,0000	-0,00175
96,1000	-0,00175
96,2000	-0,00175
96,3000	-0,00175
96,4000	-0,00175
96,5000	-0,00175
96,6000	-0,00175
96,7000	-0,00175
96,8000	-0,00175
96,9000	-0,00175
97,0000	-0,00175
97,1000	-0,00175
97,2000	-0,00175
97,3000	-0,00181
97,4000	-0,00181
97,5000	-0,00181
97,6000	-0,00181
97,7000	-0,00181
97,8000	-0,00181
97,9000	-0,00181
98,0000	-0,00181
98,1000	-0,00181
98,2000	-0,00181
98,3000	-0,00181
98,4000	-0,00181
98,5000	-0,00181
98,6000	-0,00181
98,7000	-0,00181
98,8000	-0,00181
98,9000	-0,00181
99,0000	-0,00181
99,1000	-0,00181
99,2000	-0,00181
99,3000	-0,00181
99,4000	-0,00181
99,5000	-0,00181
99,6000	-0,00181
99,7000	-0,00181
99,8000	-0,00181
99,9000	-0,00181
100,0000	-0,00181
100,1000	-0,00181
100,2000	-0,00181
100,3000	-0,00181
100,4000	-0,00181
100,5000	-0,00181
100,6000	-0,00181
100,7000	-0,00187
100,8000	-0,00187
100,9000	-0,00187
101,0000	-0,00187
101,1000	-0,00187
101,2000	-0,00187
101,3000	-0,00187
101,4000	-0,00187
101,5000	-0,00187
101,6000	-0,00187
101,7000	-0,00187
101,8000	-0,00187
101,9000	-0,00187
102,0000	-0,00187
102,1000	-0,00187
102,2000	-0,00187
102,3000	-0,00187
102,4000	-0,00187
102,5000	-0,00187
102,6000	-0,00187
102,7000	-0,00187
102,8000	-0,00187
102,9000	-0,00187
103,0000	-0,00187
103,1000	-0,00187
103,2000	-0,00187
103,3000	-0,00187
103,4000	-0,00187
103,5000	-0,00187
103,6000	-0,00187
103,7000	-0,00187
103,8000	-0,00187
103,9000	-0,00187
104,0000	-0,00187
104,1000	-0,00187
104,2000	-0,00194
104,3000	-0,00194
104,4000	-0,00194
104,5000	-0,00194
104,6000	-0,00194
104,7000	-0,00194
104,8000	-0,00194
104,9000	-0,00194
105,0000	-0,00194
105,1000	-0,00194
105,2000	-0,00194
105,3000	-0,00194
105,4000	-0,00194
105,5000	-0,00194
105,6000	-0,00194
105,7000	-0,00194
105,8000	-0,00194
105,9000	-0,00194
106,0000	-0,00194
106,1000	-0,00194
106,2000	-0,00194
106,3000	-0,00194
106,4000	-0,00194
106,5000	-0,00194
106,6000	-0,00194
106,7000	-0,00194
106,8000	-0,00194
106,9000	-0,00194
107,0000	-0,00194
107,1000	-0,00194
107,2000	-0,00194
107,3000	-0,00194
107,4000	-0,00194
107,5000	-0,00200
107,6000	-0,00200
107,7000	-0,00200
107,8000	-0,00200
107,9000	-0,00200
108,0000	-0,00200
108,1000	-0,00200
108,2000	-0,00200
108,3000	-0,00200
108,4000	-0,00200
108,5000	-0,00200
108,6000	-0,00200
108,7000	-0,00200
108,8000	-0,00200
108,9000	-0,00200
109,0000	-0,00200
109,1000	-0,00200
109,2000	-0,00200
109,3000	-0,00200
109,4000	-0,00200
109,5000	-0,00200
109,6000	-0,00200
109,7000	-0,00200
109,8000	-0,00200
109,9000	-0,00200
110,0000	-0,00200
110,1000	-0,00200
110,2000	-0,00200
110,3000	-0,00200
110,4000	-0,00200
110,5000	-0,00200
110,6000	-0,00200
110,7000	-0,00200
110,8000	-0,00200
110,9000	-0,00200
111,0000	-0,00206
111,1000	-0,00206
111,2000	-0,00206
111,3000	-0,00206
111,4000	-0,00206
111,5000	-0,00206
111,6000	-0,00206
111,7000	-0,00206
111,8000	-0,00206
111,9000	-0,00206
112,0000	-0,00206
112,1000	-0,00206
112,2000	-0,00206
112,3000	-0,00206
112,4000	-0,00206
112,5000	-0,00206
112,6000	-0,00206
112,7000	-0,00206
112,8000	-0,00206
112,9000	-0,00206
113,0000	-0,00206
113,1000	-0,00206
113,2000	-0,00206
113,3000	-0,00206
113,4000	-0,00206
113,5000	-0,00206
113,6000	-0,00206
113,7000	-0,00206
113,8000	-0,00206
113,9000	-0,00206
114,0000	-0,00206
114,1000	-0,00206
114,2000	-0,00206
114,3000	-0,00212
114,4000	-0,00212
114,5000	-0,00212
114,6000	-0,00212
114,7000	-0,00212
114,8000	-0,00212
114,9000	-0,00212
115,0000	-0,00212
115,1000	-0,00212
115,2000	-0,00212
115,3000	-0,00212
115,4000	-0,00212
115,5000	-0,00212
115,6000	-0,00212
115,7000	-0,00212
115,8000	-0,00212
115,9000	-0,00212
116,0000	-0,00212
116,1000	-0,00212
116,2000	-0,00212
116,3000	-0,00212
116,4000	-0,00212
116,5000	-0,00212
116,6000	-0,00212
116,7000	-0,00212
116,8000	-0,00212
116,9000	-0,00212
117,0000	-0,00212
117,1000	-0,00212
117,2000	-0,00212
117,3000	-0,00212
117,4000	-0,00212
117,5000	-0,00212
117,6000	-0,00212
117,7000	-0,00212
117,8000	-0,00212
117,9000	-0,00219
118,0000	-0,00219
118,1000	-0,00219
118,2000	-0,00219
118,3000	-0,00219
118,4000	-0,00219
118,5000	-0,00219
118,6000	-0,00219
118,7000	-0,00219
118,8000	-0,00219
118,9000	-0,00219
119,0000	-0,00219
119,1000	-0,00219
119,2000	-0,00219
119,3000	-0,00219
119,4000	-0,00219
119,5000	-0,00219
119,6000	-0,00219
119,7000	-0,00219
119,8000	-0,00219
119,9000	-0,00219
120,0000	-0,00219
120,1000	-0,00219
120,2000	-0,00219
120,3000	-0,00225
120,4000	-0,00225
120,5000	-0,00225
120,6000	-0,00225
120,7000	-0,00225
120,8000	-0,00225
120,9000	-0,00225
121,0000	-0,00225
121,1000	-0,00225
121,2000	-0,00225
121,3000	-0,00225
121,4000	-0,00225
121,5000	-0,00225
121,6000	-0,00225
121,7000	-0,00225
121,8000	-0,00225
121,9000	-0,00225
122,0000	-0,00225
122,1000	-0,00225
122,2000	-0,00225
122,3000	-0,00225
122,4000	-0,00225
122,5000	-0,00225
122,6000	-0,00225
122,7000	-0,00225
122,8000	-0,00225
122,9000	-0,00225
123,0000	-0,00225
123,1000	-0,00225
123,2000	-0,00225
123,3000	-0,00225
123,4000	-0,00225
123,5000	-0,00225
123,6000	-0,00225
123,7000	-0,00225
123,8000	-0,00225
123,9000	-0,00225
124,0000	-0,00225
124,1000	-0,00225
124,2000	-0,00225
124,3000	-0,00225
124,4000	-0,00225
124,5000	-0,00225
124,6000	-0,00225
124,7000	-0,00231
124,8000	-0,00231
124,9000	-0,00231
125,0000	-0,00231
125,1000	-0,00231
125,2000	-0,00231
125,3000	-0,00231
125,4000	-0,00231
125,5000	-0,00231
125,6000	-0,00231
125,7000	-0,00231
125,8000	-0,00231
125,9000	-0,00231
126,0000	-0,00231
126,1000	-0,00231
126,2000	-0,00231
126,3000	-0,00231
126,4000	-0,00231
126,5000	-0,00231
126,6000	-0,00231
126,7000	-0,00231
126,8000	-0,00231
126,9000	-0,00231
127,0000	-0,00231
127,1000	-0,00231
127,2000	-0,00231
127,3000	-0,00231
127,4000	-0,00231
127,5000	-0,00231
127,6000	-0,00231
127,7000	-0,00231
127,8000	-0,00231
127,9000	-0,00231
128,0000	-0,00231
128,1000	-0,00231
128,2000	-0,00237
128,3000	-0,00237
128,4000	-0,00237
128,5000	-0,00237
128,6000	-0,00237
128,7000	-0,00237
128,8000	-0,00237
128,9000	-0,00237
129,0000	-0,00237
129,1000	-0,00237
129,2000	-0,00237
129,3000	-0,00237
129,4000	-0,00237
129,5000	-0,00237
129,6000	-0,00237
129,7000	-0,00237
129,8000	-0,00237
129,9000	-0,00237
130,0000	-0,00237
130,1000	-0,00237
130,2000	-0,00237
130,3000	-0,00237
130,4000	-0,00237
130,5000	-0,00237
130,6000	-0,00237
130,7000	-0,00237
130,8000	-0,00237
130,9000	-0,00237
131,0000	-0,00237
131,1000	-0,00237
131,2000	-0,00237
131,3000	-0,00237
131,4000	-0,00237
131,5000	-0,00237
131,6000	-0,00237
131,7000	-0,00244
131,8000	-0,00244
131,9000	-0,00244
132,0000	-0,00244
132,1000	-0,00244
132,2000	-0,00244
132,3000	-0,00244
132,4000	-0,00244
132,5000	-0,00244
132,6000	-0,00244
132,7000	-0,00244
132,8000	-0,00244
132,9000	-0,00244
133,0000	-0,00244
133,1000	-0,00244
133,2000	-0,00244
133,3000	-0,00244
133,4000	-0,00244
133,5000	-0,00244
133,6000	-0,00244
133,7000	-0,00244
133,8000	-0,00244
133,9000	-0,00244
134,0000	-0,00244
134,1000	-0,00244
134,2000	-0,00244
134,3000	-0,00244
134,4000	-0,00244
134,5000	-0,00244
134,6000	-0,00244
134,7000	-0,00244
134,8000	-0,00244
134,9000	-0,00244
135,0000	-0,00244
135,1000	-0,00244
135,2000	-0,00250
135,3000	-0,00250
135,4000	-0,00250
135,5000	-0,00250
135,6000	-0,00250
135,7000	-0,00250
135,8000	-0,00250
135,9000	-0,00250
136,0000	-0,00250
136,1000	-0,00250
136,2000	-0,00250
136,3000	-0,00250
136,4000	-0,00250
136,5000	-0,00250
136,6000	-0,00250
136,7000	-0,00250
136,8000	-0,00250
136,9000	-0,00250
137,0000	-0,00250
137,1000	-0,00250
137,2000	-0,00250
137,3000	-0,00250
137,4000	-0,00250
137,5000	-0,00250
137,6000	-0,00250
137,7000	-0,00250
137,8000	-0,00250
137,9000	-0,00250
138,0000	-0,00250
138,1000	-0,00250
138,2000	-0,00250
138,3000	-0,00250
138,4000	-0,00250
138,5000	-0,00250
138,6000	-0,00250
138,7000	-0,00256
138,8000	-0,00256
138,9000	-0,00256
139,0000	-0,00256
139,1000	-0,00256
139,2000	-0,00256
139,3000	-0,00256
139,4000	-0,00256
139,5000	-0,00256
139,6000	-0,00256
139,7000	-0,00256
139,8000	-0,00256
139,9000	-0,00256
140,0000	-0,00256
140,1000	-0,00256
140,2000	-0,00256
140,3000	-0,00256
140,4000	-0,00256
140,5000	-0,00256
140,6000	-0,00256
140,7000	-0,00256
140,8000	-0,00256
140,9000	-0,00256
141,0000	-0,00256
141,1000	-0,00256
141,2000	-0,00256
141,3000	-0,00256
141,4000	-0,00256
141,5000	-0,00256
141,6000	-0,00256
141,7000	-0,00262
141,8000	-0,00262
141,9000	-0,00262
142,0000	-0,00262
142,1000	-0,00262
142,2000	-0,00262
142,3000	-0,00262
142,4000	-0,00262
142,5000	-0,00262
142,6000	-0,00262
142,7000	-0,00262
142,8000	-0,00262
142,9000	-0,00262
143,0000	-0,00262
143,1000	-0,00262
143,2000	-0,00262
143,3000	-0,00262
143,4000	-0,00262
143,5000	-0,00262
143,6000	-0,00262
143,7000	-0,00262
143,8000	-0,00262
143,9000	-0,00262
144,0000	-0,00262
144,1000	-0,00262
144,2000	-0,00262
144,3000	-0,00262
144,4000	-0,00262
144,5000	-0,00262
144,6000	-0,00262
144,7000	-0,00262
144,8000	-0,00262
144,9000	-0,00262
145,0000	-0,00262
145,1000	-0,00262
145,2000	-0,00269
145,3000	-0,00269
145,4000	-0,00269
145,5000	-0,00269
145,6000	-0,00269
145,7000	-0,00269
145,8000	-0,00269
145,9000	-0,00269
146,0000	-0,00269
146,1000	-0,00269
146,2000	-0,00269
146,3000	-0,00269
146,4000	-0,00269
146,5000	-0,00269
146,6000	-0,00269
146,7000	-0,00269
146,8000	-0,00269
146,9000	-0,00269
147,0000	-0,00269
147,1000	-0,00269
147,2000	-0,00269
147,3000	-0,00269
147,4000	-0,00269
147,5000	-0,00269
147,6000	-0,00269
147,7000	-0,00269
147,8000	-0,00269
147,9000	-0,00269
148,0000	-0,00269
148,1000	-0,00269
148,2000	-0,00269
148,3000	-0,00269
148,4000	-0,00269
148,5000	-0,00269
148,6000	-0,00275
148,7000	-0,00275
148,8000	-0,00275
148,9000	-0,00275
149,0000	-0,00275
149,1000	-0,00275
149,2000	-0,00275
149,3000	-0,00275
149,4000	-0,00275
149,5000	-0,00275
149,6000	-0,00275
149,7000	-0,00275
149,8000	-0,00275
149,9000	-0,00275
150,0000	-0,00275
150,1000	-0,00275
150,2000	-0,00275
150,3000	-0,00275
150,4000	-0,00275
150,5000	-0,00275
150,6000	-0,00275
150,7000	-0,00275
150,8000	-0,00275
150,9000	-0,00275
151,0000	-0,00275
151,1000	-0,00275
151,2000	-0,00275
151,3000	-0,00275
151,4000	-0,00275
151,5000	-0,00275
151,6000	-0,00275
151,7000	-0,00275
151,8000	-0,00275
151,9000	-0,00275
152,0000	-0,00281
152,1000	-0,00281
152,2000	-0,00281
152,3000	-0,00281
152,4000	-0,00281
152,5000	-0,00281
152,6000	-0,00281
152,7000	-0,00281
152,8000	-0,00281
152,9000	-0,00281
153,0000	-0,00281
153,1000	-0,00281
153,2000	-0,00281
153,3000	-0,00281
153,4000	-0,00281
153,5000	-0,00281
153,6000	-0,00281
153,7000	-0,00281
153,8000	-0,00281
153,9000	-0,00281
154,0000	-0,00281
154,1000	-0,00281
154,2000	-0,00281
154,3000	-0,00281
154,4000	-0,00281
154,5000	-0,00281
154,6000	-0,00281
154,7000	-0,00281
154,8000	-0,00281
154,9000	-0,00281
155,0000	-0,00281
155,1000	-0,00281
155,2000	-0,00287
155,3000	-0,00287
155,4000	-0,00287
155,5000	-0,00287
155,6000	-0,00287
155,7000	-0,00287
155,8000	-0,00287
155,9000	-0,00287
156,0000	-0,00287
156,1000	-0,00287
156,2000	-0,00287
156,3000	-0,00287
156,4000	-0,00287
156,5000	-0,00287
156,6000	-0,00287
156,7000	-0,00287
156,8000	-0,00287
156,9000	-0,00287
157,0000	-0,00287
157,1000	-0,00287
157,2000	-0,00287
157,3000	-0,00287
157,4000	-0,00287
157,5000	-0,00287
157,6000	-0,00287
157,7000	-0,00287
157,8000	-0,00287
157,9000	-0,00287
158,0000	-0,00287
158,1000	-0,00287
158,2000	-0,00287
158,3000	-0,00287
158,4000	-0,00287
158,5000	-0,00287
158,6000	-0,00287
158,7000	-0,00287
158,8000	-0,00294
158,9000	-0,00294
159,0000	-0,00294
159,1000	-0,00294
159,2000	-0,00294
159,3000	-0,00294
159,4000	-0,00294
159,5000	-0,00294
159,6000	-0,00294
159,7000	-0,00294
159,8000	-0,00294
159,9000	-0,00294
160,0000	-0,00294
160,1000	-0,00294
160,2000	-0,00294
160,3000	-0,00294
160,4000	-0,00294
160,5000	-0,00294
160,6000	-0,00294
160,7000	-0,00294
160,8000	-0,00294
160,9000	-0,00294
161,0000	-0,00294
161,1000	-0,00294
161,2000	-0,00294
161,3000	-0,00294
161,4000	-0,00294
161,5000	-0,00294
161,6000	-0,00294
161,7000	-0,00294
161,8000	-0,00294
161,9000	-0,00300
162,0000	-0,00300
162,1000	-0,00300
162,2000	-0,00300
162,3000	-0,00300
162,4000	-0,00300
162,5000	-0,00300
162,6000	-0,00300
162,7000	-0,00300
162,8000	-0,00300
162,9000	-0,00300
163,0000	-0,00300
163,1000	-0,00300
163,2000	-0,00300
163,3000	-0,00300
163,4000	-0,00300
163,5000	-0,00300
163,6000	-0,00300
163,7000	-0,00300
163,8000	-0,00300
163,9000	-0,00300
164,0000	-0,00300
164,1000	-0,00300
164,2000	-0,00300
164,3000	-0,00300
164,4000	-0,00300
164,5000	-0,00300
164,6000	-0,00300
164,7000	-0,00300
164,8000	-0,00300
164,9000	-0,00300
165,0000	-0,00300
165,1000	-0,00300
165,2000	-0,00300
165,3000	-0,00300
165,4000	-0,00300
165,5000	-0,00300
165,6000	-0,00306
165,7000	-0,00306
165,8000	-0,00306
165,9000	-0,00306
166,0000	-0,00306
166,1000	-0,00306
166,2000	-0,00306
166,3000	-0,00306
166,4000	-0,00306
166,5000	-0,00306
166,6000	-0,00306
166,7000	-0,00306
166,8000	-0,00306
166,9000	-0,00306
167,0000	-0,00306
167,1000	-0,00306
167,2000	-0,00306
167,3000	-0,00306
167,4000	-0,00306
167,5000	-0,00306
167,6000	-0,00306
167,7000	-0,00306
167,8000	-0,00306
167,9000	-0,00306
168,0000	-0,00306
168,1000	-0,00306
168,2000	-0,00306
168,3000	-0,00306
168,4000	-0,00306
168,5000	-0,00306
168,6000	-0,00306
168,7000	-0,00306
168,8000	-0,00306
168,9000	-0,00312
169,0000	-0,00312
169,1000	-0,00312
169,2000	-0,00312
169,3000	-0,00312
169,4000	-0,00312
169,5000	-0,00312
169,6000	-0,00312
169,7000	-0,00312
169,8000	-0,00312
169,9000	-0,00312
170,0000	-0,00312
170,1000	-0,00312
170,2000	-0,00312
170,3000	-0,00312
170,4000	-0,00312
170,5000	-0,00312
170,6000	-0,00312
170,7000	-0,00312
170,8000	-0,00312
170,9000	-0,00312
171,0000	-0,00312
171,1000	-0,00312
171,2000	-0,00312
171,3000	-0,00312
171,4000	-0,00312
171,5000	-0,00312
171,6000	-0,00312
171,7000	-0,00312
171,8000	-0,00312
171,9000	-0,00312
172,0000	-0,00312
172,1000	-0,00312
172,2000	-0,00312
172,3000	-0,00319
172,4000	-0,00319
172,5000	-0,00319
172,6000	-0,00319
172,7000	-0,00319
172,8000	-0,00319
172,9000	-0,00319
173,0000	-0,00319
173,1000	-0,00319
173,2000	-0,00319
173,3000	-0,00319
173,4000	-0,00319
173,5000	-0,00319
173,6000	-0,00319
173,7000	-0,00319
173,8000	-0,00319
173,9000	-0,00319
174,0000	-0,00319
174,1000	-0,00319
174,2000	-0,00319
174,3000	-0,00319
174,4000	-0,00319
174,5000	-0,00319
174,6000	-0,00319
174,7000	-0,00319
174,8000	-0,00319
174,9000	-0,00319
175,0000	-0,00319
175,1000	-0,00319
175,2000	-0,00319
175,3000	-0,00325
175,4000	-0,00325
175,5000	-0,00325
175,6000	-0,00325
175,7000	-0,00325
175,8000	-0,00325
175,9000	-0,00325
176,0000	-0,00325
176,1000	-0,00325
176,2000	-0,00325
176,3000	-0,00325
176,4000	-0,00325
176,5000	-0,00325
176,6000	-0,00325
176,7000	-0,00325
176,8000	-0,00325
176,9000	-0,00325
177,0000	-0,00325
177,1000	-0,00325
177,2000	-0,00325
177,3000	-0,00325
177,4000	-0,00325
177,5000	-0,00325
177,6000	-0,00325
177,7000	-0,00325
177,8000	-0,00325
177,9000	-0,00325
178,0000	-0,00325
178,1000	-0,00325
178,2000	-0,00325
178,3000	-0,00325
178,4000	-0,00325
178,5000	-0,00325
178,6000	-0,00325
178,7000	-0,00325
178,8000	-0,00325
178,9000	-0,00325
179,0000	-0,00325
179,1000	-0,00325
179,2000	-0,00331
179,3000	-0,00331
179,4000	-0,00331
179,5000	-0,00331
179,6000	-0,00331
179,7000	-0,00331
179,8000	-0,00331
179,9000	-0,00331
180,0000	-0,00331
180,1000	-0,00331
180,2000	-0,00331
180,3000	-0,00331
180,4000	-0,00331
180,5000	-0,00331
180,6000	-0,00331
180,7000	-0,00331
180,8000	-0,00331
180,9000	-0,00331
181,0000	-0,00331
181,1000	-0,00331
181,2000	-0,00331
181,3000	-0,00331
181,4000	-0,00331
181,5000	-0,00331
181,6000	-0,00331
181,7000	-0,00331
181,8000	-0,00331
181,9000	-0,00331
182,0000	-0,00331
182,1000	-0,00331
182,2000	-0,00331
182,3000	-0,00331
182,4000	-0,00337
182,5000	-0,00337
182,6000	-0,00337
182,7000	-0,00337
182,8000	-0,00337
182,9000	-0,00337
183,0000	-0,00337
183,1000	-0,00337
183,2000	-0,00337
183,3000	-0,00337
183,4000	-0,00337
183,5000	-0,00337
183,6000	-0,00337
183,7000	-0,00337
183,8000	-0,00337
183,9000	-0,00337
184,0000	-0,00337
184,1000	-0,00337
184,2000	-0,00337
184,3000	-0,00337
184,4000	-0,00337
184,5000	-0,00337
184,6000	-0,00337
184,7000	-0,00337
184,8000	-0,00337
184,9000	-0,00337
185,0000	-0,00337
185,1000	-0,00337
185,2000	-0,00337
185,3000	-0,00337
185,4000	-0,00337
185,5000	-0,00337
185,6000	-0,00337
185,7000	-0,00344
185,8000	-0,00344
185,9000	-0,00344
186,0000	-0,00344
186,1000	-0,00344
186,2000	-0,00344
186,3000	-0,00344
186,4000	-0,00344
186,5000	-0,00344
186,6000	-0,00344
186,7000	-0,00344
186,8000	-0,00344
186,9000	-0,00344
187,0000	-0,00344
187,1000	-0,00344
187,2000	-0,00344
187,3000	-0,00344
187,4000	-0,00344
187,5000	-0,00344
187,6000	-0,00344
187,7000	-0,00344
187,8000	-0,00344
187,9000	-0,00344
188,0000	-0,00344
188,1000	-0,00344
188,2000	-0,00344
188,3000	-0,00344
188,4000	-0,00344
188,5000	-0,00344
188,6000	-0,00344
188,7000	-0,00344
188,8000	-0,00344
188,9000	-0,00350
189,0000	-0,00350
189,1000	-0,00350
189,2000	-0,00350
189,3000	-0,00350
189,4000	-0,00350
189,5000	-0,00350
189,6000	-0,00350
189,7000	-0,00350
189,8000	-0,00350
189,9000	-0,00350
190,0000	-0,00350
190,1000	-0,00350
190,2000	-0,00350
190,3000	-0,00350
190,4000	-0,00350
190,5000	-0,00350
190,6000	-0,00350
190,7000	-0,00350
190,8000	-0,00350
190,9000	-0,00350
191,0000	-0,00350
191,1000	-0,00350
191,2000	-0,00350
191,3000	-0,00350
191,4000	-0,00350
191,5000	-0,00350
191,6000	-0,00350
191,7000	-0,00350
191,8000	-0,00350
191,9000	-0,00350
192,0000	-0,00350
192,1000	-0,00350
192,2000	-0,00350
192,3000	-0,00350
192,4000	-0,00350
192,5000	-0,00356
192,6000	-0,00356
192,7000	-0,00356
192,8000	-0,00356
192,9000	-0,00356
193,0000	-0,00356
193,1000	-0,00356
193,2000	-0,00356
193,3000	-0,00356
193,4000	-0,00356
193,5000	-0,00356
193,6000	-0,00356
193,7000	-0,00356
193,8000	-0,00356
193,9000	-0,00356
194,0000	-0,00356
194,1000	-0,00356
194,2000	-0,00356
194,3000	-0,00356
194,4000	-0,00356
194,5000	-0,00356
194,6000	-0,00356
194,7000	-0,00356
194,8000	-0,00356
194,9000	-0,00356
195,0000	-0,00356
195,1000	-0,00356
195,2000	-0,00356
195,3000	-0,00356
195,4000	-0,00356
195,5000	-0,00356
195,6000	-0,00356
195,7000	-0,00362
195,8000	-0,00362
195,9000	-0,00362
196,0000	-0,00362
196,1000	-0,00362
196,2000	-0,00362
196,3000	-0,00362
196,4000	-0,00362
196,5000	-0,00362
196,6000	-0,00362
196,7000	-0,00362
196,8000	-0,00362
196,9000	-0,00362
197,0000	-0,00362
197,1000	-0,00362
197,2000	-0,00362
197,3000	-0,00362
197,4000	-0,00362
197,5000	-0,00362
197,6000	-0,00362
197,7000	-0,00362
197,8000	-0,00362
197,9000	-0,00362
198,0000	-0,00362
198,1000	-0,00362
198,2000	-0,00362
198,3000	-0,00362
198,4000	-0,00362
198,5000	-0,00362
198,6000	-0,00362
198,7000	-0,00362
198,8000	-0,00362
198,9000	-0,00369
199,0000	-0,00369
199,1000	-0,00369
199,2000	-0,00369
199,3000	-0,00369
199,4000	-0,00369
199,5000	-0,00369
199,6000	-0,00369
199,7000	-0,00369
199,8000	-0,00369
199,9000	-0,00369
200,0000	-0,00369
200,1000	-0,00369
200,2000	-0,00369
200,3000	-0,00369
200,4000	-0,00369
200,5000	-0,00369
200,6000	-0,00369
200,7000	-0,00369
200,8000	-0,00369
200,9000	-0,00369
201,0000	-0,00369
201,1000	-0,00369
201,2000	-0,00369
201,3000	-0,00369
201,4000	-0,00369
201,5000	-0,00369
201,6000	-0,00369
201,7000	-0,00369
201,8000	-0,00369
201,9000	-0,00369
202,0000	-0,00375
202,1000	-0,00375
202,2000	-0,00375
202,3000	-0,00375
202,4000	-0,00375
202,5000	-0,00375
202,6000	-0,00375
202,7000	-0,00375
202,8000	-0,00375
202,9000	-0,00375
203,0000	-0,00375
203,1000	-0,00375
203,2000	-0,00375
203,3000	-0,00375
203,4000	-0,00375
203,5000	-0,00375
203,6000	-0,00375
203,7000	-0,00375
203,8000	-0,00375
203,9000	-0,00375
204,0000	-0,00375
204,1000	-0,00375
204,2000	-0,00375
204,3000	-0,00375
204,4000	-0,00375
204,5000	-0,00375
204,6000	-0,00375
204,7000	-0,00375
204,8000	-0,00375
204,9000	-0,00375
205,0000	-0,00375
205,1000	-0,00375
205,2000	-0,00375
205,3000	-0,00375
205,4000	-0,00381
205,5000	-0,00381
205,6000	-0,00381
205,7000	-0,00381
205,8000	-0,00381
205,9000	-0,00381
206,0000	-0,00381
206,1000	-0,00381
206,2000	-0,00381
206,3000	-0,00381
206,4000	-0,00381
206,5000	-0,00381
206,6000	-0,00381
206,7000	-0,00381
206,8000	-0,00381
206,9000	-0,00381
207,0000	-0,00381
207,1000	-0,00381
207,2000	-0,00381
207,3000	-0,00381
207,4000	-0,00381
207,5000	-0,00381
207,6000	-0,00381
207,7000	-0,00381
207,8000	-0,00381
207,9000	-0,00381
208,0000	-0,00381
208,1000	-0,00381
208,2000	-0,00381
208,3000	-0,00381
208,4000	-0,00381
208,5000	-0,00381
208,6000	-0,00387
208,7000	-0,00387
208,8000	-0,00387
208,9000	-0,00387
209,0000	-0,00387
209,1000	-0,00387
209,2000	-0,00387
209,3000	-0,00387
209,4000	-0,00387
209,5000	-0,00387
209,6000	-0,00387
209,7000	-0,00387
209,8000	-0,00387
209,9000	-0,00387
210,0000	-0,00387
210,1000	-0,00387
210,2000	-0,00387
210,3000	-0,00387
210,4000	-0,00387
210,5000	-0,00387
210,6000	-0,00387
210,7000	-0,00387
210,8000	-0,00387
210,9000	-0,00387
211,0000	-0,00387
211,1000	-0,00387
211,2000	-0,00387
211,3000	-0,00387
211,4000	-0,00387
211,5000	-0,00387
211,6000	-0,00387
211,7000	-0,00387
211,8000	-0,00387
211,9000	-0,00394
212,0000	-0,00394
212,1000	-0,00394
212,2000	-0,00394
212,3000	-0,00394
212,4000	-0,00394
212,5000	-0,00394
212,6000	-0,00394
212,7000	-0,00394
212,8000	-0,00394
212,9000	-0,00394
213,0000	-0,00394
213,1000	-0,00394
213,2000	-0,00394
213,3000	-0,00394
213,4000	-0,00394
213,5000	-0,00394
213,6000	-0,00394
213,7000	-0,00394
213,8000	-0,00394
213,9000	-0,00394
214,0000	-0,00394
214,1000	-0,00394
214,2000	-0,00394
214,3000	-0,00394
214,4000	-0,00394
214,5000	-0,00394
214,6000	-0,00394
214,7000	-0,00394
214,8000	-0,00394
214,9000	-0,00394
215,0000	-0,00400
215,1000	-0,00400
215,2000	-0,00400
215,3000	-0,00400
215,4000	-0,00400
215,5000	-0,00400
215,6000	-0,00400
215,7000	-0,00400
215,8000	-0,00400
215,9000	-0,00400
216,0000	-0,00400
216,1000	-0,00400
216,2000	-0,00400
216,3000	-0,00400
216,4000	-0,00400
216,5000	-0,00400
216,6000	-0,00400
216,7000	-0,00400
216,8000	-0,00400
216,9000	-0,00400
217,0000	-0,00400
217,1000	-0,00400
217,2000	-0,00400
217,3000	-0,00400
217,4000	-0,00400
217,5000	-0,00400
217,6000	-0,00400
217,7000	-0,00400
217,8000	-0,00400
217,9000	-0,00400
218,0000	-0,00400
218,1000	-0,00400
218,2000	-0,00400
218,3000	-0,00400
218,4000	-0,00400
218,5000	-0,00406
218,6000	-0,00406
218,7000	-0,00406
218,8000	-0,00406
218,9000	-0,00406
219,0000	-0,00406
219,1000	-0,00406
219,2000	-0,00406
219,3000	-0,00406
219,4000	-0,00406
219,5000	-0,00406
219,6000	-0,00406
219,7000	-0,00406
219,8000	-0,00406
219,9000	-0,00406
220,0000	-0,00406
220,1000	-0,00406
220,2000	-0,00406
220,3000	-0,00406
220,4000	-0,00406
220,5000	-0,00406
220,6000	-0,00406
220,7000	-0,00406
220,8000	-0,00406
220,9000	-0,00406
221,0000	-0,00406
221,1000	-0,00406
221,2000	-0,00406
221,3000	-0,00406
221,4000	-0,00406
221,5000	-0,00406
221,6000	-0,00406
221,7000	-0,00412
221,8000	-0,00412
221,9000	-0,00412
222,0000	-0,00412
222,1000	-0,00412
222,2000	-0,00412
222,3000	-0,00412
222,4000	-0,00412
222,5000	-0,00412
222,6000	-0,00412
222,7000	-0,00412
222,8000	-0,00412
222,9000	-0,00412
223,0000	-0,00412
223,1000	-0,00412
223,2000	-0,00412
223,3000	-0,00412
223,4000	-0,00412
223,5000	-0,00412
223,6000	-0,00412
223,7000	-0,00412
223,8000	-0,00412
223,9000	-0,00412
224,0000	-0,00412
224,1000	-0,00412
224,2000	-0,00412
224,3000	-0,00412
224,4000	-0,00412
224,5000	-0,00412
224,6000	-0,00412
224,7000	-0,00412
224,8000	-0,00412
224,9000	-0,00419
225,0000	-0,00419
225,1000	-0,00419
225,2000	-0,00419
225,3000	-0,00419
225,4000	-0,00419
225,5000	-0,00419
225,6000	-0,00419
225,7000	-0,00419
225,8000	-0,00419
225,9000	-0,00419
226,0000	-0,00419
226,1000	-0,00419
226,2000	-0,00419
226,3000	-0,00419
226,4000	-0,00419
226,5000	-0,00419
226,6000	-0,00419
226,7000	-0,00419
226,8000	-0,00419
226,9000	-0,00419
227,0000	-0,00419
227,1000	-0,00419
227,2000	-0,00419
227,3000	-0,00419
227,4000	-0,00419
227,5000	-0,00419
227,6000	-0,00419
227,7000	-0,00419
227,8000	-0,00419
227,9000	-0,00425
228,0000	-0,00425
228,1000	-0,00425
228,2000	-0,00425
228,3000	-0,00425
228,4000	-0,00425
228,5000	-0,00425
228,6000	-0,00425
228,7000	-0,00425
228,8000	-0,00425
228,9000	-0,00425
229,0000	-0,00425
229,1000	-0,00425
229,2000	-0,00425
229,3000	-0,00425
229,4000	-0,00425
229,5000	-0,00425
229,6000	-0,00425
229,7000	-0,00425
229,8000	-0,00425
229,9000	-0,00425
230,0000	-0,00425
230,1000	-0,00425
230,2000	-0,00425
230,3000	-0,00425
230,4000	-0,00425
230,5000	-0,00425
230,6000	-0,00425
230,7000	-0,00425
230,8000	-0,00425
230,9000	-0,00425
231,0000	-0,00425
231,1000	-0,00425
231,2000	-0,00425
231,3000	-0,00425
231,4000	-0,00425
231,5000	-0,00431
231,6000	-0,00431
231,7000	-0,00431
231,8000	-0,00431
231,9000	-0,00431
232,0000	-0,00431
232,1000	-0,00431
232,2000	-0,00431
232,3000	-0,00431
232,4000	-0,00431
232,5000	-0,00431
232,6000	-0,00431
232,7000	-0,00431
232,8000	-0,00431
232,9000	-0,00431
233,0000	-0,00431
233,1000	-0,00431
233,2000	-0,00431
233,3000	-0,00431
233,4000	-0,00431
233,5000	-0,00431
233,6000	-0,00431
233,7000	-0,00431
233,8000	-0,00431
233,9000	-0,00431
234,0000	-0,00431
234,1000	-0,00431
234,2000	-0,00431
234,3000	-0,00431
234,4000	-0,00431
234,5000	-0,00431
234,6000	-0,00431
234,7000	-0,00431
234,8000	-0,00437
234,9000	-0,00437
235,0000	-0,00437
235,1000	-0,00437
235,2000	-0,00437
235,3000	-0,00437
235,4000	-0,00437
235,5000	-0,00437
235,6000	-0,00437
235,7000	-0,00437
235,8000	-0,00437
235,9000	-0,00437
236,0000	-0,00437
236,1000	-0,00437
236,2000	-0,00437
236,3000	-0,00437
236,4000	-0,00437
236,5000	-0,00437
236,6000	-0,00437
236,7000	-0,00437
236,8000	-0,00437
236,9000	-0,00437
237,0000	-0,00437
237,1000	-0,00437
237,2000	-0,00437
237,3000	-0,00437
237,4000	-0,00437
237,5000	-0,00437
237,6000	-0,00437
237,7000	-0,00437
237,8000	-0,00437
237,9000	-0,00437
238,0000	-0,00444
238,1000	-0,00444
238,2000	-0,00444
238,3000	-0,00444
238,4000	-0,00444
238,5000	-0,00444
238,6000	-0,00444
238,7000	-0,00444
238,8000	-0,00444
238,9000	-0,00444
239,0000	-0,00444
239,1000	-0,00444
239,2000	-0,00444
239,3000	-0,00444
239,4000	-0,00444
239,5000	-0,00444
239,6000	-0,00444
239,7000	-0,00444
239,8000	-0,00444
239,9000	-0,00444
240,0000	-0,00444
240,1000	-0,00444
240,2000	-0,00444
240,3000	-0,00444
240,4000	-0,00444
240,5000	-0,00444
240,6000	-0,00444
240,7000	-0,00444
240,8000	-0,00444
240,9000	-0,00444
241,0000	-0,00444
241,1000	-0,00444
241,2000	-0,00450
241,3000	-0,00450
241,4000	-0,00450
241,5000	-0,00450
241,6000	-0,00450
241,7000	-0,00450
241,8000	-0,00450
241,9000	-0,00450
242,0000	-0,00450
242,1000	-0,00450
242,2000	-0,00450
242,3000	-0,00450
242,4000	-0,00450
242,5000	-0,00450
242,6000	-0,00450
242,7000	-0,00450
242,8000	-0,00450
242,9000	-0,00450
243,0000	-0,00450
243,1000	-0,00450
243,2000	-0,00450
243,3000	-0,00450
243,4000	-0,00450
243,5000	-0,00450
243,6000	-0,00450
243,7000	-0,00450
243,8000	-0,00450
243,9000	-0,00450
244,0000	-0,00450
244,1000	-0,00450
244,2000	-0,00450
244,3000	-0,00450
244,4000	-0,00450
244,5000	-0,00456
244,6000	-0,00456
244,7000	-0,00456
244,8000	-0,00456
244,9000	-0,00456
245,0000	-0,00456
245,1000	-0,00456
245,2000	-0,00456
245,3000	-0,00456
245,4000	-0,00456
245,5000	-0,00456
245,6000	-0,00456
245,7000	-0,00456
245,8000	-0,00456
245,9000	-0,00456
246,0000	-0,00456
246,1000	-0,00456
246,2000	-0,00456
246,3000	-0,00456
246,4000	-0,00456
246,5000	-0,00456
246,6000	-0,00456
246,7000	-0,00456
246,8000	-0,00456
246,9000	-0,00456
247,0000	-0,00456
247,1000	-0,00456
247,2000	-0,00456
247,3000	-0,00456
247,4000	-0,00456
247,5000	-0,00462
247,6000	-0,00462
247,7000	-0,00462
247,8000	-0,00462
247,9000	-0,00462
248,0000	-0,00462
248,1000	-0,00462
248,2000	-0,00462
248,3000	-0,00462
248,4000	-0,00462
248,5000	-0,00462
248,6000	-0,00462
248,7000	-0,00462
248,8000	-0,00462
248,9000	-0,00462
249,0000	-0,00462
249,1000	-0,00462
249,2000	-0,00462
249,3000	-0,00462
249,4000	-0,00462
249,5000	-0,00462
249,6000	-0,00462
249,7000	-0,00462
249,8000	-0,00462
249,9000	-0,00462
250,0000	-0,00462
250,1000	-0,00462
250,2000	-0,00462
250,3000	-0,00462
250,4000	-0,00462
250,5000	-0,00462
250,6000	-0,00462
250,7000	-0,00462
250,8000	-0,00462
250,9000	-0,00462
251,0000	-0,00469
251,1000	-0,00469
251,2000	-0,00469
251,3000	-0,00469
251,4000	-0,00469
251,5000	-0,00469
251,6000	-0,00469
251,7000	-0,00469
251,8000	-0,00469
251,9000	-0,00469
252,0000	-0,00469
252,1000	-0,00469
252,2000	-0,00469
252,3000	-0,00469
252,4000	-0,00469
252,5000	-0,00469
252,6000	-0,00469
252,7000	-0,00469
252,8000	-0,00469
252,9000	-0,00469
253,0000	-0,00469
253,1000	-0,00469
253,2000	-0,00469
253,3000	-0,00469
253,4000	-0,00469
253,5000	-0,00469
253,6000	-0,00469
253,7000	-0,00469
253,8000	-0,00469
253,9000	-0,00469
254,0000	-0,00469
254,1000	-0,00469
254,2000	-0,00475
254,3000	-0,00475
254,4000	-0,00475
254,5000	-0,00475
254,6000	-0,00475
254,7000	-0,00475
254,8000	-0,00475
254,9000	-0,00475
255,0000	-0,00475
255,1000	-0,00475
255,2000	-0,00475
255,3000	-0,00475
255,4000	-0,00475
255,5000	-0,00475
255,6000	-0,00475
255,7000	-0,00475
255,8000	-0,00475
255,9000	-0,00475
256,0000	-0,00475
256,1000	-0,00475
256,2000	-0,00475
256,3000	-0,00475
256,4000	-0,00475
256,5000	-0,00475
256,6000	-0,00475
256,7000	-0,00475
256,8000	-0,00475
256,9000	-0,00475
257,0000	-0,00475
257,1000	-0,00475
257,2000	-0,00475
257,3000	-0,00475
257,4000	-0,00475
257,5000	-0,00475
257,6000	-0,00481
257,7000	-0,00481
257,8000	-0,00481
257,9000	-0,00481
258,0000	-0,00481
258,1000	-0,00481
258,2000	-0,00481
258,3000	-0,00481
258,4000	-0,00481
258,5000	-0,00481
258,6000	-0,00481
258,7000	-0,00481
258,8000	-0,00481
258,9000	-0,00481
259,0000	-0,00481
259,1000	-0,00481
259,2000	-0,00481
259,3000	-0,00481
259,4000	-0,00481
259,5000	-0,00481
259,6000	-0,00481
259,7000	-0,00481
259,8000	-0,00481
259,9000	-0,00481
260,0000	-0,00481
260,1000	-0,00481
260,2000	-0,00481
260,3000	-0,00481
260,4000	-0,00481
260,5000	-0,00481
260,6000	-0,00487
260,7000	-0,00487
260,8000	-0,00487
260,9000	-0,00487
261,0000	-0,00487
261,1000	-0,00487
261,2000	-0,00487
261,3000	-0,00487
261,4000	-0,00487
261,5000	-0,00487
261,6000	-0,00487
261,7000	-0,00487
261,8000	-0,00487
261,9000	-0,00487
262,0000	-0,00487
262,1000	-0,00487
262,2000	-0,00487
262,3000	-0,00487
262,4000	-0,00487
262,5000	-0,00487
262,6000	-0,00487
262,7000	-0,00487
262,8000	-0,00487
262,9000	-0,00487
263,0000	-0,00487
263,1000	-0,00487
263,2000	-0,00487
263,3000	-0,00487
263,4000	-0,00487
263,5000	-0,00487
263,6000	-0,00487
263,7000	-0,00487
263,8000	-0,00487
263,9000	-0,00494
264,0000	-0,00494
264,1000	-0,00494
264,2000	-0,00494
264,3000	-0,00494
264,4000	-0,00494
264,5000	-0,00494
264,6000	-0,00494
264,7000	-0,00494
264,8000	-0,00494
264,9000	-0,00494
265,0000	-0,00494
265,1000	-0,00494
265,2000	-0,00494
265,3000	-0,00494
265,4000	-0,00494
265,5000	-0,00494
265,6000	-0,00494
265,7000	-0,00494
265,8000	-0,00494
265,9000	-0,00494
266,0000	-0,00494
266,1000	-0,00494
266,2000	-0,00494
266,3000	-0,00494
266,4000	-0,00494
266,5000	-0,00494
266,6000	-0,00494
266,7000	-0,00494
266,8000	-0,00494
266,9000	-0,00494
267,0000	-0,00500
267,1000	-0,00500
267,2000	-0,00500
267,3000	-0,00500
267,4000	-0,00500
267,5000	-0,00500
267,6000	-0,00500
267,7000	-0,00500
267,8000	-0,00500
267,9000	-0,00500
268,0000	-0,00500
268,1000	-0,00500
268,2000	-0,00500
268,3000	-0,00500
268,4000	-0,00500
268,5000	-0,00500
268,6000	-0,00500
268,7000	-0,00500
268,8000	-0,00500
268,9000	-0,00500
269,0000	-0,00500
269,1000	-0,00500
269,2000	-0,00500
269,3000	-0,00500
269,4000	-0,00500
269,5000	-0,00500
269,6000	-0,00500
269,7000	-0,00500
269,8000	-0,00500
269,9000	-0,00500
270,0000	-0,00500
270,1000	-0,00500
270,2000	-0,00500
270,3000	-0,00500
270,4000	-0,00500
270,5000	-0,00506
270,6000	-0,00506
270,7000	-0,00506
270,8000	-0,00506
270,9000	-0,00506
271,0000	-0,00506
271,1000	-0,00506
271,2000	-0,00506
271,3000	-0,00506
271,4000	-0,00506
271,5000	-0,00506
271,6000	-0,00506
271,7000	-0,00506
271,8000	-0,00506
271,9000	-0,00506
272,0000	-0,00506
272,1000	-0,00506
272,2000	-0,00506
272,3000	-0,00506
272,4000	-0,00506
272,5000	-0,00506
272,6000	-0,00506
272,7000	-0,00506
272,8000	-0,00506
272,9000	-0,00506
273,0000	-0,00506
273,1000	-0,00506
273,2000	-0,00506
273,3000	-0,00506
273,4000	-0,00506
273,5000	-0,00513
273,6000	-0,00513
273,7000	-0,00513
273,8000	-0,00513
273,9000	-0,00513
274,0000	-0,00513
274,1000	-0,00513
274,2000	-0,00513
274,3000	-0,00513
274,4000	-0,00513
274,5000	-0,00513
274,6000	-0,00513
274,7000	-0,00513
274,8000	-0,00513
274,9000	-0,00513
275,0000	-0,00513
275,1000	-0,00513
275,2000	-0,00513
275,3000	-0,00513
275,4000	-0,00513
275,5000	-0,00513
275,6000	-0,00513
275,7000	-0,00513
275,8000	-0,00513
275,9000	-0,00513
276,0000	-0,00513
276,1000	-0,00513
276,2000	-0,00513
276,3000	-0,00513
276,4000	-0,00513
276,5000	-0,00513
276,6000	-0,00513
276,7000	-0,00513
276,8000	-0,00519
276,9000	-0,00519
277,0000	-0,00519
277,1000	-0,00519
277,2000	-0,00519
277,3000	-0,00519
277,4000	-0,00519
277,5000	-0,00519
277,6000	-0,00519
277,7000	-0,00519
277,8000	-0,00519
277,9000	-0,00519
278,0000	-0,00519
278,1000	-0,00519
278,2000	-0,00519
278,3000	-0,00519
278,4000	-0,00519
278,5000	-0,00519
278,6000	-0,00519
278,7000	-0,00519
278,8000	-0,00519
278,9000	-0,00519
279,0000	-0,00519
279,1000	-0,00519
279,2000	-0,00519
279,3000	-0,00519
279,4000	-0,00519
279,5000	-0,00519
279,6000	-0,00519
279,7000	-0,00519
279,8000	-0,00519
279,9000	-0,00525
280,0000	-0,00525
280,1000	-0,00525
280,2000	-0,00525
280,3000	-0,00525
280,4000	-0,00525
280,5000	-0,00525
280,6000	-0,00525
280,7000	-0,00525
280,8000	-0,00525
280,9000	-0,00525
281,0000	-0,00525
281,1000	-0,00525
281,2000	-0,00525
281,3000	-0,00525
281,4000	-0,00525
281,5000	-0,00525
281,6000	-0,00525
281,7000	-0,00525
281,8000	-0,00525
281,9000	-0,00525
282,0000	-0,00525
282,1000	-0,00525
282,2000	-0,00525
282,3000	-0,00525
282,4000	-0,00525
282,5000	-0,00525
282,6000	-0,00525
282,7000	-0,00525
282,8000	-0,00525
282,9000	-0,00525
283,0000	-0,00525
283,1000	-0,00525
283,2000	-0,00531
283,3000	-0,00531
283,4000	-0,00531
283,5000	-0,00531
283,6000	-0,00531
283,7000	-0,00531
283,8000	-0,00531
283,9000	-0,00531
284,0000	-0,00531
284,1000	-0,00531
284,2000	-0,00531
284,3000	-0,00531
284,4000	-0,00531
284,5000	-0,00531
284,6000	-0,00531
284,7000	-0,00531
284,8000	-0,00531
284,9000	-0,00531
285,0000	-0,00531
285,1000	-0,00531
285,2000	-0,00531
285,3000	-0,00531
285,4000	-0,00531
285,5000	-0,00531
285,6000	-0,00531
285,7000	-0,00531
285,8000	-0,00531
285,9000	-0,00531
286,0000	-0,00531
286,1000	-0,00537
286,2000	-0,00537
286,3000	-0,00537
286,4000	-0,00537
286,5000	-0,00537
286,6000	-0,00537
286,7000	-0,00537
286,8000	-0,00537
286,9000	-0,00537
287,0000	-0,00537
287,1000	-0,00537
287,2000	-0,00537
287,3000	-0,00537
287,4000	-0,00537
287,5000	-0,00537
287,6000	-0,00537
287,7000	-0,00537
287,8000	-0,00537
287,9000	-0,00537
288,0000	-0,00537
288,1000	-0,00537
288,2000	-0,00537
288,3000	-0,00537
288,4000	-0,00537
288,5000	-0,00537
288,6000	-0,00537
288,7000	-0,00537
288,8000	-0,00537
288,9000	-0,00537
289,0000	-0,00537
289,1000	-0,00537
289,2000	-0,00537
289,3000	-0,00544
289,4000	-0,00544
289,5000	-0,00544
289,6000	-0,00544
289,7000	-0,00544
289,8000	-0,00544
289,9000	-0,00544
290,0000	-0,00544
290,1000	-0,00544
290,2000	-0,00544
290,3000	-0,00544
290,4000	-0,00544
290,5000	-0,00544
290,6000	-0,00544
290,7000	-0,00544
290,8000	-0,00544
290,9000	-0,00544
291,0000	-0,00544
291,1000	-0,00544
291,2000	-0,00544
291,3000	-0,00544
291,4000	-0,00544
291,5000	-0,00544
291,6000	-0,00544
291,7000	-0,00544
291,8000	-0,00544
291,9000	-0,00544
292,0000	-0,00544
292,1000	-0,00544
292,2000	-0,00544
292,3000	-0,00544
292,4000	-0,00544
292,5000	-0,00550
292,6000	-0,00550
292,7000	-0,00550
292,8000	-0,00550
292,9000	-0,00550
293,0000	-0,00550
293,1000	-0,00550
293,2000	-0,00550
293,3000	-0,00550
293,4000	-0,00550
293,5000	-0,00550
293,6000	-0,00550
293,7000	-0,00550
293,8000	-0,00550
293,9000	-0,00550
294,0000	-0,00550
294,1000	-0,00550
294,2000	-0,00550
294,3000	-0,00550
294,4000	-0,00550
294,5000	-0,00550
294,6000	-0,00550
294,7000	-0,00550
294,8000	-0,00550
294,9000	-0,00550
295,0000	-0,00550
295,1000	-0,00550
295,2000	-0,00550
295,3000	-0,00550
295,4000	-0,00550
295,5000	-0,00550
295,6000	-0,00550
295,7000	-0,00550
295,8000	-0,00556
295,9000	-0,00556
296,0000	-0,00556
296,1000	-0,00556
296,2000	-0,00556
296,3000	-0,00556
296,4000	-0,00556
296,5000	-0,00556
296,6000	-0,00556
296,7000	-0,00556
296,8000	-0,00556
296,9000	-0,00556
297,0000	-0,00556
297,1000	-0,00556
297,2000	-0,00556
297,3000	-0,00556
297,4000	-0,00556
297,5000	-0,00556
297,6000	-0,00556
297,7000	-0,00556
297,8000	-0,00556
297,9000	-0,00556
298,0000	-0,00556
298,1000	-0,00556
298,2000	-0,00556
298,3000	-0,00556
298,4000	-0,00556
298,5000	-0,00556
298,6000	-0,00556
298,7000	-0,00556
298,8000	-0,00556
298,9000	-0,00556
299,0000	-0,00562
299,1000	-0,00562
299,2000	-0,00562
299,3000	-0,00562
299,4000	-0,00562
299,5000	-0,00562
299,6000	-0,00562
299,7000	-0,00562
299,8000	-0,00562
299,9000	-0,00562
300,0000	-0,00562
300,1000	-0,00562
300,2000	-0,00562
300,3000	-0,00562
300,4000	-0,00562
300,5000	-0,00562
300,6000	-0,00562
300,7000	-0,00562
300,8000	-0,00562
300,9000	-0,00562
301,0000	-0,00562
301,1000	-0,00562
301,2000	-0,00562
301,3000	-0,00562
301,4000	-0,00562
301,5000	-0,00562
301,6000	-0,00562
301,7000	-0,00562
301,8000	-0,00562
301,9000	-0,00562
302,0000	-0,00562
302,1000	-0,00562
302,2000	-0,00569
302,3000	-0,00569
302,4000	-0,00569
302,5000	-0,00569
302,6000	-0,00569
302,7000	-0,00569
302,8000	-0,00569
302,9000	-0,00569
303,0000	-0,00569
303,1000	-0,00569
303,2000	-0,00569
303,3000	-0,00569
303,4000	-0,00569
303,5000	-0,00569
303,6000	-0,00569
303,7000	-0,00569
303,8000	-0,00569
303,9000	-0,00569
304,0000	-0,00569
304,1000	-0,00569
304,2000	-0,00569
304,3000	-0,00569
304,4000	-0,00569
304,5000	-0,00569
304,6000	-0,00569
304,7000	-0,00569
304,8000	-0,00569
304,9000	-0,00569
305,0000	-0,00569
305,1000	-0,00569
305,2000	-0,00569
305,3000	-0,00569
305,4000	-0,00575
305,5000	-0,00575
305,6000	-0,00575
305,7000	-0,00575
305,8000	-0,00575
305,9000	-0,00575
306,0000	-0,00575
306,1000	-0,00575
306,2000	-0,00575
306,3000	-0,00575
306,4000	-0,00575
306,5000	-0,00575
306,6000	-0,00575
306,7000	-0,00575
306,8000	-0,00575
306,9000	-0,00575
307,0000	-0,00575
307,1000	-0,00575
307,2000	-0,00575
307,3000	-0,00575
307,4000	-0,00575
307,5000	-0,00575
307,6000	-0,00575
307,7000	-0,00575
307,8000	-0,00575
307,9000	-0,00575
308,0000	-0,00575
308,1000	-0,00575
308,2000	-0,00575
308,3000	-0,00575
308,4000	-0,00575
308,5000	-0,00581
308,6000	-0,00581
308,7000	-0,00581
308,8000	-0,00581
308,9000	-0,00581
309,0000	-0,00581
309,1000	-0,00581
309,2000	-0,00581
309,3000	-0,00581
309,4000	-0,00581
309,5000	-0,00581
309,6000	-0,00581
309,7000	-0,00581
309,8000	-0,00581
309,9000	-0,00581
310,0000	-0,00581
310,1000	-0,00581
310,2000	-0,00581
310,3000	-0,00581
310,4000	-0,00581
310,5000	-0,00581
310,6000	-0,00581
310,7000	-0,00581
310,8000	-0,00581
310,9000	-0,00581
311,0000	-0,00581
311,1000	-0,00581
311,2000	-0,00581
311,3000	-0,00581
311,4000	-0,00581
311,5000	-0,00581
311,6000	-0,00587
311,7000	-0,00587
311,8000	-0,00587
311,9000	-0,00587
312,0000	-0,00587
312,1000	-0,00587
312,2000	-0,00587
312,3000	-0,00587
312,4000	-0,00587
312,5000	-0,00587
312,6000	-0,00587
312,7000	-0,00587
312,8000	-0,00587
312,9000	-0,00587
313,0000	-0,00587
313,1000	-0,00587
313,2000	-0,00587
313,3000	-0,00587
313,4000	-0,00587
313,5000	-0,00587
313,6000	-0,00587
313,7000	-0,00587
313,8000	-0,00587
313,9000	-0,00587
314,0000	-0,00587
314,1000	-0,00587
314,2000	-0,00587
314,3000	-0,00587
314,4000	-0,00587
314,5000	-0,00587
314,6000	-0,00587
314,7000	-0,00587
314,8000	-0,00587
314,9000	-0,00594
315,0000	-0,00594
315,1000	-0,00594
315,2000	-0,00594
315,3000	-0,00594
315,4000	-0,00594
315,5000	-0,00594
315,6000	-0,00594
315,7000	-0,00594
315,8000	-0,00594
315,9000	-0,00594
316,0000	-0,00594
316,1000	-0,00594
316,2000	-0,00594
316,3000	-0,00594
316,4000	-0,00594
316,5000	-0,00594
316,6000	-0,00594
316,7000	-0,00594
316,8000	-0,00594
316,9000	-0,00594
317,0000	-0,00594
317,1000	-0,00594
317,2000	-0,00594
317,3000	-0,00594
317,4000	-0,00594
317,5000	-0,00594
317,6000	-0,00594
317,7000	-0,00594
317,8000	-0,00594
317,9000	-0,00594
318,0000	-0,00600
318,1000	-0,00600
318,2000	-0,00600
318,3000	-0,00600
318,4000	-0,00600
318,5000	-0,00600
318,6000	-0,00600
318,7000	-0,00600
318,8000	-0,00600
318,9000	-0,00600
319,0000	-0,00600
319,1000	-0,00600
319,2000	-0,00600
319,3000	-0,00600
319,4000	-0,00600
319,5000	-0,00600
319,6000	-0,00600
319,7000	-0,00600
319,8000	-0,00600
319,9000	-0,00600
320,0000	-0,00600
320,1000	-0,00600
320,2000	-0,00600
320,3000	-0,00600
320,4000	-0,00600
320,5000	-0,00600
320,6000	-0,00600
320,7000	-0,00600
320,8000	-0,00600
320,9000	-0,00600
321,0000	-0,00600
321,1000	-0,00600
321,2000	-0,00600
321,3000	-0,00600
321,4000	-0,00606
321,5000	-0,00606
321,6000	-0,00606
321,7000	-0,00606
321,8000	-0,00606
321,9000	-0,00606
322,0000	-0,00606
322,1000	-0,00606
322,2000	-0,00606
322,3000	-0,00606
322,4000	-0,00606
322,5000	-0,00606
322,6000	-0,00606
322,7000	-0,00606
322,8000	-0,00606
322,9000	-0,00606
323,0000	-0,00606
323,1000	-0,00606
323,2000	-0,00606
323,3000	-0,00606
323,4000	-0,00606
323,5000	-0,00606
323,6000	-0,00606
323,7000	-0,00606
323,8000	-0,00606
323,9000	-0,00606
324,0000	-0,00606
324,1000	-0,00606
324,2000	-0,00606
324,3000	-0,00606
324,4000	-0,00612
324,5000	-0,00612
324,6000	-0,00612
324,7000	-0,00612
324,8000	-0,00612
324,9000	-0,00612
325,0000	-0,00612
325,1000	-0,00612
325,2000	-0,00612
325,3000	-0,00612
325,4000	-0,00612
325,5000	-0,00612
325,6000	-0,00612
325,7000	-0,00612
325,8000	-0,00612
325,9000	-0,00612
326,0000	-0,00612
326,1000	-0,00612
326,2000	-0,00612
326,3000	-0,00612
326,4000	-0,00612
326,5000	-0,00612
326,6000	-0,00612
326,7000	-0,00612
326,8000	-0,00612
326,9000	-0,00612
327,0000	-0,00612
327,1000	-0,00612
327,2000	-0,00612
327,3000	-0,00619
327,4000	-0,00619
327,5000	-0,00619
327,6000	-0,00619
327,7000	-0,00619
327,8000	-0,00619
327,9000	-0,00619
328,0000	-0,00619
328,1000	-0,00619
328,2000	-0,00619
328,3000	-0,00619
328,4000	-0,00619
328,5000	-0,00619
328,6000	-0,00619
328,7000	-0,00619
328,8000	-0,00619
328,9000	-0,00619
329,0000	-0,00619
329,1000	-0,00619
329,2000	-0,00619
329,3000	-0,00619
329,4000	-0,00619
329,5000	-0,00619
329,6000	-0,00619
329,7000	-0,00619
329,8000	-0,00619
329,9000	-0,00619
330,0000	-0,00619
330,1000	-0,00619
330,2000	-0,00619
330,3000	-0,00619
330,4000	-0,00619
330,5000	-0,00619
330,6000	-0,00619
330,7000	-0,00625
330,8000	-0,00625
330,9000	-0,00625
331,0000	-0,00625
331,1000	-0,00625
331,2000	-0,00625
331,3000	-0,00625
331,4000	-0,00625
331,5000	-0,00625
331,6000	-0,00625
331,7000	-0,00625
331,8000	-0,00625
331,9000	-0,00625
332,0000	-0,00625
332,1000	-0,00625
332,2000	-0,00625
332,3000	-0,00625
332,4000	-0,00625
332,5000	-0,00625
332,6000	-0,00625
332,7000	-0,00625
332,8000	-0,00625
332,9000	-0,00625
333,0000	-0,00625
333,1000	-0,00625
333,2000	-0,00625
333,3000	-0,00625
333,4000	-0,00625
333,5000	-0,00625
333,6000	-0,00625
333,7000	-0,00625
333,8000	-0,00625
333,9000	-0,00631
334,0000	-0,00631
334,1000	-0,00631
334,2000	-0,00631
334,3000	-0,00631
334,4000	-0,00631
334,5000	-0,00631
334,6000	-0,00631
334,7000	-0,00631
