Posizione, Can 1 e 2, Raccolta #13
Tempo ( s )	Posizione ( m )
0,0000	0,00000
0,1000	0,00000
0,2000	0,00000
0,3000	0,00000
0,4000	0,00000
0,5000	0,00000
0,6000	0,00000
0,7000	0,00000
0,8000	0,00000
0,9000	0,00000
1,0000	0,00000
1,1000	-6,25000E-5
1,2000	-6,25000E-5
1,3000	-6,25000E-5
1,4000	-6,25000E-5
1,5000	-6,25000E-5
1,6000	-6,25000E-5
1,7000	-6,25000E-5
1,8000	-6,25000E-5
1,9000	-6,25000E-5
2,0000	-6,25000E-5
2,1000	-6,25000E-5
2,2000	-6,25000E-5
2,3000	-6,25000E-5
2,4000	-6,25000E-5
2,5000	-6,25000E-5
2,6000	-6,25000E-5
2,7000	-6,25000E-5
2,8000	-6,25000E-5
2,9000	-6,25000E-5
3,0000	-6,25000E-5
3,1000	-6,25000E-5
3,2000	-1,25000E-4
3,3000	-1,25000E-4
3,4000	-1,25000E-4
3,5000	-1,25000E-4
3,6000	-1,25000E-4
3,7000	-1,25000E-4
3,8000	-1,25000E-4
3,9000	-1,25000E-4
4,0000	-1,25000E-4
4,1000	-1,25000E-4
4,2000	-1,25000E-4
4,3000	-1,25000E-4
4,4000	-1,25000E-4
4,5000	-1,25000E-4
4,6000	-1,25000E-4
4,7000	-1,25000E-4
4,8000	-1,25000E-4
4,9000	-1,25000E-4
5,0000	-1,25000E-4
5,1000	-1,25000E-4
5,2000	-1,25000E-4
5,3000	-1,25000E-4
5,4000	-1,25000E-4
5,5000	-1,25000E-4
5,6000	-1,87500E-4
5,7000	-1,87500E-4
5,8000	-1,87500E-4
5,9000	-1,87500E-4
6,0000	-1,87500E-4
6,1000	-1,87500E-4
6,2000	-1,87500E-4
6,3000	-1,87500E-4
6,4000	-1,87500E-4
6,5000	-1,87500E-4
6,6000	-1,87500E-4
6,7000	-1,87500E-4
6,8000	-1,87500E-4
6,9000	-1,87500E-4
7,0000	-1,87500E-4
7,1000	-1,87500E-4
7,2000	-1,87500E-4
7,3000	-1,87500E-4
7,4000	-1,87500E-4
7,5000	-1,87500E-4
7,6000	-1,87500E-4
7,7000	-2,50000E-4
7,8000	-2,50000E-4
7,9000	-2,50000E-4
8,0000	-2,50000E-4
8,1000	-2,50000E-4
8,2000	-2,50000E-4
8,3000	-2,50000E-4
8,4000	-2,50000E-4
8,5000	-2,50000E-4
8,6000	-2,50000E-4
8,7000	-2,50000E-4
8,8000	-2,50000E-4
8,9000	-2,50000E-4
9,0000	-2,50000E-4
9,1000	-2,50000E-4
9,2000	-2,50000E-4
9,3000	-2,50000E-4
9,4000	-2,50000E-4
9,5000	-2,50000E-4
9,6000	-2,50000E-4
9,7000	-2,50000E-4
9,8000	-2,50000E-4
9,9000	-2,50000E-4
10,0000	-3,12500E-4
10,1000	-3,12500E-4
10,2000	-3,12500E-4
10,3000	-3,12500E-4
10,4000	-3,12500E-4
10,5000	-3,12500E-4
10,6000	-3,12500E-4
10,7000	-3,12500E-4
10,8000	-3,12500E-4
10,9000	-3,12500E-4
11,0000	-3,12500E-4
11,1000	-3,12500E-4
11,2000	-3,12500E-4
11,3000	-3,12500E-4
11,4000	-3,12500E-4
11,5000	-3,12500E-4
11,6000	-3,12500E-4
11,7000	-3,12500E-4
11,8000	-3,12500E-4
11,9000	-3,12500E-4
12,0000	-3,12500E-4
12,1000	-3,12500E-4
12,2000	-3,75000E-4
12,3000	-3,75000E-4
12,4000	-3,75000E-4
12,5000	-3,75000E-4
12,6000	-3,75000E-4
12,7000	-3,75000E-4
12,8000	-3,75000E-4
12,9000	-3,75000E-4
13,0000	-3,75000E-4
13,1000	-3,75000E-4
13,2000	-3,75000E-4
13,3000	-3,75000E-4
13,4000	-3,75000E-4
13,5000	-3,75000E-4
13,6000	-3,75000E-4
13,7000	-3,75000E-4
13,8000	-3,75000E-4
13,9000	-3,75000E-4
14,0000	-3,75000E-4
14,1000	-3,75000E-4
14,2000	-3,75000E-4
14,3000	-3,75000E-4
14,4000	-4,37500E-4
14,5000	-4,37500E-4
14,6000	-4,37500E-4
14,7000	-4,37500E-4
14,8000	-4,37500E-4
14,9000	-4,37500E-4
15,0000	-4,37500E-4
15,1000	-4,37500E-4
15,2000	-4,37500E-4
15,3000	-4,37500E-4
15,4000	-4,37500E-4
15,5000	-4,37500E-4
15,6000	-4,37500E-4
15,7000	-4,37500E-4
15,8000	-4,37500E-4
15,9000	-4,37500E-4
16,0000	-4,37500E-4
16,1000	-4,37500E-4
16,2000	-4,37500E-4
16,3000	-4,37500E-4
16,4000	-5,00000E-4
16,5000	-5,00000E-4
16,6000	-5,00000E-4
16,7000	-5,00000E-4
16,8000	-5,00000E-4
16,9000	-5,00000E-4
17,0000	-5,00000E-4
17,1000	-5,00000E-4
17,2000	-5,00000E-4
17,3000	-5,00000E-4
17,4000	-5,00000E-4
17,5000	-5,00000E-4
17,6000	-5,00000E-4
17,7000	-5,00000E-4
17,8000	-5,00000E-4
17,9000	-5,00000E-4
18,0000	-5,00000E-4
18,1000	-5,00000E-4
18,2000	-5,00000E-4
18,3000	-5,00000E-4
18,4000	-5,62500E-4
18,5000	-5,62500E-4
18,6000	-5,62500E-4
18,7000	-5,62500E-4
18,8000	-5,62500E-4
18,9000	-5,62500E-4
19,0000	-5,62500E-4
19,1000	-5,62500E-4
19,2000	-5,62500E-4
19,3000	-5,62500E-4
19,4000	-5,62500E-4
19,5000	-5,62500E-4
19,6000	-5,62500E-4
19,7000	-5,62500E-4
19,8000	-5,62500E-4
19,9000	-5,62500E-4
20,0000	-5,62500E-4
20,1000	-5,62500E-4
20,2000	-5,62500E-4
20,3000	-6,25000E-4
20,4000	-6,25000E-4
20,5000	-6,25000E-4
20,6000	-6,25000E-4
20,7000	-6,25000E-4
20,8000	-6,25000E-4
20,9000	-6,25000E-4
21,0000	-6,25000E-4
21,1000	-6,25000E-4
21,2000	-6,25000E-4
21,3000	-6,25000E-4
21,4000	-6,25000E-4
21,5000	-6,25000E-4
21,6000	-6,25000E-4
21,7000	-6,25000E-4
21,8000	-6,25000E-4
21,9000	-6,25000E-4
22,0000	-6,25000E-4
22,1000	-6,25000E-4
22,2000	-6,25000E-4
22,3000	-6,25000E-4
22,4000	-6,87500E-4
22,5000	-6,87500E-4
22,6000	-6,87500E-4
22,7000	-6,87500E-4
22,8000	-6,87500E-4
22,9000	-6,87500E-4
23,0000	-6,87500E-4
23,1000	-6,87500E-4
23,2000	-6,87500E-4
23,3000	-6,87500E-4
23,4000	-6,87500E-4
23,5000	-6,87500E-4
23,6000	-6,87500E-4
23,7000	-6,87500E-4
23,8000	-6,87500E-4
23,9000	-6,87500E-4
24,0000	-6,87500E-4
24,1000	-7,50000E-4
24,2000	-7,50000E-4
24,3000	-7,50000E-4
24,4000	-7,50000E-4
24,5000	-7,50000E-4
24,6000	-7,50000E-4
24,7000	-7,50000E-4
24,8000	-7,50000E-4
24,9000	-7,50000E-4
25,0000	-7,50000E-4
25,1000	-7,50000E-4
25,2000	-7,50000E-4
25,3000	-7,50000E-4
25,4000	-7,50000E-4
25,5000	-7,50000E-4
25,6000	-7,50000E-4
25,7000	-7,50000E-4
25,8000	-7,50000E-4
25,9000	-7,50000E-4
26,0000	-7,50000E-4
26,1000	-7,50000E-4
26,2000	-8,12500E-4
26,3000	-8,12500E-4
26,4000	-8,12500E-4
26,5000	-8,12500E-4
26,6000	-8,12500E-4
26,7000	-8,12500E-4
26,8000	-8,12500E-4
26,9000	-8,12500E-4
27,0000	-8,12500E-4
27,1000	-8,12500E-4
27,2000	-8,12500E-4
27,3000	-8,12500E-4
27,4000	-8,12500E-4
27,5000	-8,12500E-4
27,6000	-8,12500E-4
27,7000	-8,12500E-4
27,8000	-8,12500E-4
27,9000	-8,12500E-4
28,0000	-8,12500E-4
28,1000	-8,12500E-4
28,2000	-8,12500E-4
28,3000	-8,75000E-4
28,4000	-8,75000E-4
28,5000	-8,75000E-4
28,6000	-8,75000E-4
28,7000	-8,75000E-4
28,8000	-8,75000E-4
28,9000	-8,75000E-4
29,0000	-8,75000E-4
29,1000	-8,75000E-4
29,2000	-8,75000E-4
29,3000	-8,75000E-4
29,4000	-8,75000E-4
29,5000	-8,75000E-4
29,6000	-8,75000E-4
29,7000	-8,75000E-4
29,8000	-8,75000E-4
29,9000	-8,75000E-4
30,0000	-8,75000E-4
30,1000	-8,75000E-4
30,2000	-8,75000E-4
30,3000	-8,75000E-4
30,4000	-8,75000E-4
30,5000	-9,37500E-4
30,6000	-9,37500E-4
30,7000	-9,37500E-4
30,8000	-9,37500E-4
30,9000	-9,37500E-4
31,0000	-9,37500E-4
31,1000	-9,37500E-4
31,2000	-9,37500E-4
31,3000	-9,37500E-4
31,4000	-9,37500E-4
31,5000	-9,37500E-4
31,6000	-9,37500E-4
31,7000	-9,37500E-4
31,8000	-9,37500E-4
31,9000	-9,37500E-4
32,0000	-9,37500E-4
32,1000	-9,37500E-4
32,2000	-9,37500E-4
32,3000	-9,37500E-4
32,4000	-9,37500E-4
32,5000	-9,37500E-4
32,6000	-9,37500E-4
32,7000	-0,00100
32,8000	-0,00100
32,9000	-0,00100
33,0000	-0,00100
33,1000	-0,00100
33,2000	-0,00100
33,3000	-0,00100
33,4000	-0,00100
33,5000	-0,00100
33,6000	-0,00100
33,7000	-0,00100
33,8000	-0,00100
33,9000	-0,00100
34,0000	-0,00100
34,1000	-0,00100
34,2000	-0,00100
34,3000	-0,00100
34,4000	-0,00100
34,5000	-0,00100
34,6000	-0,00100
34,7000	-0,00100
34,8000	-0,00100
34,9000	-0,00100
35,0000	-0,00100
35,1000	-0,00100
35,2000	-0,00106
35,3000	-0,00106
35,4000	-0,00106
35,5000	-0,00106
35,6000	-0,00106
35,7000	-0,00106
35,8000	-0,00106
35,9000	-0,00106
36,0000	-0,00106
36,1000	-0,00106
36,2000	-0,00106
36,3000	-0,00106
36,4000	-0,00106
36,5000	-0,00106
36,6000	-0,00106
36,7000	-0,00106
36,8000	-0,00106
36,9000	-0,00106
37,0000	-0,00106
37,1000	-0,00112
37,2000	-0,00112
37,3000	-0,00112
37,4000	-0,00112
37,5000	-0,00112
37,6000	-0,00112
37,7000	-0,00112
37,8000	-0,00112
37,9000	-0,00112
38,0000	-0,00112
38,1000	-0,00112
38,2000	-0,00112
38,3000	-0,00112
38,4000	-0,00112
38,5000	-0,00112
38,6000	-0,00112
38,7000	-0,00112
38,8000	-0,00112
38,9000	-0,00112
39,0000	-0,00112
39,1000	-0,00119
39,2000	-0,00119
39,3000	-0,00119
39,4000	-0,00119
39,5000	-0,00119
39,6000	-0,00119
39,7000	-0,00119
39,8000	-0,00119
39,9000	-0,00119
40,0000	-0,00119
40,1000	-0,00119
40,2000	-0,00119
40,3000	-0,00119
40,4000	-0,00119
40,5000	-0,00119
40,6000	-0,00119
40,7000	-0,00119
40,8000	-0,00119
40,9000	-0,00119
41,0000	-0,00119
41,1000	-0,00119
41,2000	-0,00119
41,3000	-0,00125
41,4000	-0,00125
41,5000	-0,00125
41,6000	-0,00125
41,7000	-0,00125
41,8000	-0,00125
41,9000	-0,00125
42,0000	-0,00125
42,1000	-0,00125
42,2000	-0,00125
42,3000	-0,00125
42,4000	-0,00125
42,5000	-0,00125
42,6000	-0,00125
42,7000	-0,00125
42,8000	-0,00125
42,9000	-0,00125
43,0000	-0,00125
43,1000	-0,00125
43,2000	-0,00125
43,3000	-0,00125
43,4000	-0,00131
43,5000	-0,00131
43,6000	-0,00131
43,7000	-0,00131
43,8000	-0,00131
43,9000	-0,00131
44,0000	-0,00131
44,1000	-0,00131
44,2000	-0,00131
44,3000	-0,00131
44,4000	-0,00131
44,5000	-0,00131
44,6000	-0,00131
44,7000	-0,00131
44,8000	-0,00131
44,9000	-0,00131
45,0000	-0,00131
45,1000	-0,00137
45,2000	-0,00137
45,3000	-0,00137
45,4000	-0,00137
45,5000	-0,00137
45,6000	-0,00137
45,7000	-0,00137
45,8000	-0,00137
45,9000	-0,00137
46,0000	-0,00137
46,1000	-0,00137
46,2000	-0,00137
46,3000	-0,00137
46,4000	-0,00137
46,5000	-0,00137
46,6000	-0,00137
46,7000	-0,00137
46,8000	-0,00137
46,9000	-0,00137
47,0000	-0,00137
47,1000	-0,00137
47,2000	-0,00137
47,3000	-0,00137
47,4000	-0,00144
47,5000	-0,00144
47,6000	-0,00144
47,7000	-0,00144
47,8000	-0,00144
47,9000	-0,00144
48,0000	-0,00144
48,1000	-0,00144
48,2000	-0,00144
48,3000	-0,00144
48,4000	-0,00144
48,5000	-0,00144
48,6000	-0,00144
48,7000	-0,00144
48,8000	-0,00144
48,9000	-0,00144
49,0000	-0,00144
49,1000	-0,00144
49,2000	-0,00144
49,3000	-0,00144
49,4000	-0,00144
49,5000	-0,00150
49,6000	-0,00150
49,7000	-0,00150
49,8000	-0,00150
49,9000	-0,00150
50,0000	-0,00150
50,1000	-0,00150
50,2000	-0,00150
50,3000	-0,00150
50,4000	-0,00150
50,5000	-0,00150
50,6000	-0,00150
50,7000	-0,00150
50,8000	-0,00150
50,9000	-0,00150
51,0000	-0,00150
51,1000	-0,00150
51,2000	-0,00150
51,3000	-0,00150
51,4000	-0,00150
51,5000	-0,00156
51,6000	-0,00156
51,7000	-0,00156
51,8000	-0,00156
51,9000	-0,00156
52,0000	-0,00156
52,1000	-0,00156
52,2000	-0,00156
52,3000	-0,00156
52,4000	-0,00156
52,5000	-0,00156
52,6000	-0,00156
52,7000	-0,00156
52,8000	-0,00156
52,9000	-0,00156
53,0000	-0,00156
53,1000	-0,00162
53,2000	-0,00162
53,3000	-0,00162
53,4000	-0,00162
53,5000	-0,00162
53,6000	-0,00162
53,7000	-0,00162
53,8000	-0,00162
53,9000	-0,00162
54,0000	-0,00162
54,1000	-0,00162
54,2000	-0,00162
54,3000	-0,00162
54,4000	-0,00162
54,5000	-0,00162
54,6000	-0,00162
54,7000	-0,00162
54,8000	-0,00162
54,9000	-0,00162
55,0000	-0,00162
55,1000	-0,00162
55,2000	-0,00162
55,3000	-0,00162
55,4000	-0,00162
55,5000	-0,00162
55,6000	-0,00162
55,7000	-0,00169
55,8000	-0,00169
55,9000	-0,00169
56,0000	-0,00169
56,1000	-0,00169
56,2000	-0,00169
56,3000	-0,00169
56,4000	-0,00169
56,5000	-0,00169
56,6000	-0,00169
56,7000	-0,00169
56,8000	-0,00169
56,9000	-0,00169
57,0000	-0,00169
57,1000	-0,00169
57,2000	-0,00169
57,3000	-0,00169
57,4000	-0,00169
57,5000	-0,00169
57,6000	-0,00169
57,7000	-0,00175
57,8000	-0,00175
57,9000	-0,00175
58,0000	-0,00175
58,1000	-0,00175
58,2000	-0,00175
58,3000	-0,00175
58,4000	-0,00175
58,5000	-0,00175
58,6000	-0,00175
58,7000	-0,00175
58,8000	-0,00175
58,9000	-0,00175
59,0000	-0,00175
59,1000	-0,00175
59,2000	-0,00175
59,3000	-0,00175
59,4000	-0,00175
59,5000	-0,00175
59,6000	-0,00181
59,7000	-0,00181
59,8000	-0,00181
59,9000	-0,00181
60,0000	-0,00181
60,1000	-0,00181
60,2000	-0,00181
60,3000	-0,00181
60,4000	-0,00181
60,5000	-0,00181
60,6000	-0,00181
60,7000	-0,00181
60,8000	-0,00181
60,9000	-0,00181
61,0000	-0,00181
61,1000	-0,00181
61,2000	-0,00181
61,3000	-0,00181
61,4000	-0,00181
61,5000	-0,00181
61,6000	-0,00181
61,7000	-0,00187
61,8000	-0,00187
61,9000	-0,00187
62,0000	-0,00187
62,1000	-0,00187
62,2000	-0,00187
62,3000	-0,00187
62,4000	-0,00187
62,5000	-0,00187
62,6000	-0,00187
62,7000	-0,00187
62,8000	-0,00187
62,9000	-0,00187
63,0000	-0,00187
63,1000	-0,00187
63,2000	-0,00187
63,3000	-0,00187
63,4000	-0,00187
63,5000	-0,00187
63,6000	-0,00187
63,7000	-0,00187
63,8000	-0,00187
63,9000	-0,00194
64,0000	-0,00194
64,1000	-0,00194
64,2000	-0,00194
64,3000	-0,00194
64,4000	-0,00194
64,5000	-0,00194
64,6000	-0,00194
64,7000	-0,00194
64,8000	-0,00194
64,9000	-0,00194
65,0000	-0,00194
65,1000	-0,00194
65,2000	-0,00194
65,3000	-0,00194
65,4000	-0,00194
65,5000	-0,00194
65,6000	-0,00194
65,7000	-0,00194
65,8000	-0,00200
65,9000	-0,00200
66,0000	-0,00200
66,1000	-0,00200
66,2000	-0,00200
66,3000	-0,00200
66,4000	-0,00200
66,5000	-0,00200
66,6000	-0,00200
66,7000	-0,00200
66,8000	-0,00200
66,9000	-0,00200
67,0000	-0,00200
67,1000	-0,00200
67,2000	-0,00200
67,3000	-0,00200
67,4000	-0,00200
67,5000	-0,00200
67,6000	-0,00200
67,7000	-0,00206
67,8000	-0,00206
67,9000	-0,00206
68,0000	-0,00206
68,1000	-0,00206
68,2000	-0,00206
68,3000	-0,00206
68,4000	-0,00206
68,5000	-0,00206
68,6000	-0,00206
68,7000	-0,00206
68,8000	-0,00206
68,9000	-0,00206
69,0000	-0,00206
69,1000	-0,00206
69,2000	-0,00206
69,3000	-0,00206
69,4000	-0,00206
69,5000	-0,00206
69,6000	-0,00206
69,7000	-0,00212
69,8000	-0,00212
69,9000	-0,00212
70,0000	-0,00212
70,1000	-0,00212
70,2000	-0,00212
70,3000	-0,00212
70,4000	-0,00212
70,5000	-0,00212
70,6000	-0,00212
70,7000	-0,00212
70,8000	-0,00212
70,9000	-0,00212
71,0000	-0,00212
71,1000	-0,00212
71,2000	-0,00212
71,3000	-0,00212
71,4000	-0,00212
71,5000	-0,00212
71,6000	-0,00212
71,7000	-0,00212
71,8000	-0,00212
71,9000	-0,00219
72,0000	-0,00219
72,1000	-0,00219
72,2000	-0,00219
72,3000	-0,00219
72,4000	-0,00219
72,5000	-0,00219
72,6000	-0,00219
72,7000	-0,00219
72,8000	-0,00219
72,9000	-0,00219
73,0000	-0,00219
73,1000	-0,00219
73,2000	-0,00219
73,3000	-0,00219
73,4000	-0,00219
73,5000	-0,00219
73,6000	-0,00219
73,7000	-0,00219
73,8000	-0,00219
73,9000	-0,00219
74,0000	-0,00219
74,1000	-0,00219
74,2000	-0,00219
74,3000	-0,00225
74,4000	-0,00225
74,5000	-0,00225
74,6000	-0,00225
74,7000	-0,00225
74,8000	-0,00225
74,9000	-0,00225
75,0000	-0,00225
75,1000	-0,00225
75,2000	-0,00225
75,3000	-0,00225
75,4000	-0,00225
75,5000	-0,00225
75,6000	-0,00225
75,7000	-0,00225
75,8000	-0,00225
75,9000	-0,00225
76,0000	-0,00225
76,1000	-0,00225
76,2000	-0,00225
76,3000	-0,00225
76,4000	-0,00225
76,5000	-0,00231
76,6000	-0,00231
76,7000	-0,00231
76,8000	-0,00231
76,9000	-0,00231
77,0000	-0,00231
77,1000	-0,00231
77,2000	-0,00231
77,3000	-0,00231
77,4000	-0,00231
77,5000	-0,00231
77,6000	-0,00231
77,7000	-0,00231
77,8000	-0,00231
77,9000	-0,00231
78,0000	-0,00231
78,1000	-0,00231
78,2000	-0,00231
78,3000	-0,00237
78,4000	-0,00237
78,5000	-0,00237
78,6000	-0,00237
78,7000	-0,00237
78,8000	-0,00237
78,9000	-0,00237
79,0000	-0,00237
79,1000	-0,00237
79,2000	-0,00237
79,3000	-0,00237
79,4000	-0,00237
79,5000	-0,00237
79,6000	-0,00237
79,7000	-0,00237
79,8000	-0,00237
79,9000	-0,00237
80,0000	-0,00237
80,1000	-0,00237
80,2000	-0,00244
80,3000	-0,00244
80,4000	-0,00244
80,5000	-0,00244
80,6000	-0,00244
80,7000	-0,00244
80,8000	-0,00244
80,9000	-0,00244
81,0000	-0,00244
81,1000	-0,00244
81,2000	-0,00244
81,3000	-0,00244
81,4000	-0,00244
81,5000	-0,00244
81,6000	-0,00244
81,7000	-0,00244
81,8000	-0,00244
81,9000	-0,00244
82,0000	-0,00244
82,1000	-0,00244
82,2000	-0,00244
82,3000	-0,00244
82,4000	-0,00250
82,5000	-0,00250
82,6000	-0,00250
82,7000	-0,00250
82,8000	-0,00250
82,9000	-0,00250
83,0000	-0,00250
83,1000	-0,00250
83,2000	-0,00250
83,3000	-0,00250
83,4000	-0,00250
83,5000	-0,00250
83,6000	-0,00250
83,7000	-0,00250
83,8000	-0,00250
83,9000	-0,00250
84,0000	-0,00250
84,1000	-0,00250
84,2000	-0,00250
84,3000	-0,00250
84,4000	-0,00250
84,5000	-0,00250
84,6000	-0,00256
84,7000	-0,00256
84,8000	-0,00256
84,9000	-0,00256
85,0000	-0,00256
85,1000	-0,00256
85,2000	-0,00256
85,3000	-0,00256
85,4000	-0,00256
85,5000	-0,00256
85,6000	-0,00256
85,7000	-0,00256
85,8000	-0,00256
85,9000	-0,00256
86,0000	-0,00256
86,1000	-0,00256
86,2000	-0,00256
86,3000	-0,00256
86,4000	-0,00256
86,5000	-0,00256
86,6000	-0,00256
86,7000	-0,00262
86,8000	-0,00262
86,9000	-0,00262
87,0000	-0,00262
87,1000	-0,00262
87,2000	-0,00262
87,3000	-0,00262
87,4000	-0,00262
87,5000	-0,00262
87,6000	-0,00262
87,7000	-0,00262
87,8000	-0,00262
87,9000	-0,00262
88,0000	-0,00262
88,1000	-0,00262
88,2000	-0,00262
88,3000	-0,00262
88,4000	-0,00262
88,5000	-0,00262
88,6000	-0,00262
88,7000	-0,00262
88,8000	-0,00262
88,9000	-0,00262
89,0000	-0,00269
89,1000	-0,00269
89,2000	-0,00269
89,3000	-0,00269
89,4000	-0,00269
89,5000	-0,00269
89,6000	-0,00269
89,7000	-0,00269
89,8000	-0,00269
89,9000	-0,00269
90,0000	-0,00269
90,1000	-0,00269
90,2000	-0,00269
90,3000	-0,00269
90,4000	-0,00269
90,5000	-0,00269
90,6000	-0,00269
90,7000	-0,00269
90,8000	-0,00269
90,9000	-0,00269
91,0000	-0,00269
91,1000	-0,00269
91,2000	-0,00275
91,3000	-0,00275
91,4000	-0,00275
91,5000	-0,00275
91,6000	-0,00275
