0.0000	0.00000
0.1000	0.00000
0.2000	0.00000
0.3000	0.00000
0.4000	0.00000
0.5000	0.00000
0.6000	0.00000
0.7000	0.00000
0.8000	0.00000
0.9000	-6.25000E-5
1.0000	-6.25000E-5
1.1000	-6.25000E-5
1.2000	-6.25000E-5
1.3000	-6.25000E-5
1.4000	-6.25000E-5
1.5000	-6.25000E-5
1.6000	-6.25000E-5
1.7000	-6.25000E-5
1.8000	-6.25000E-5
1.9000	-6.25000E-5
2.0000	-6.25000E-5
2.1000	-6.25000E-5
2.2000	-6.25000E-5
2.3000	-6.25000E-5
2.4000	-6.25000E-5
2.5000	-6.25000E-5
2.6000	-6.25000E-5
2.7000	-6.25000E-5
2.8000	-6.25000E-5
2.9000	-6.25000E-5
3.0000	-6.25000E-5
3.1000	-1.25000E-4
3.2000	-1.25000E-4
3.3000	-1.25000E-4
3.4000	-1.25000E-4
3.5000	-1.25000E-4
3.6000	-1.25000E-4
3.7000	-1.25000E-4
3.8000	-1.25000E-4
3.9000	-1.25000E-4
4.0000	-1.25000E-4
4.1000	-1.25000E-4
4.2000	-1.25000E-4
4.3000	-1.25000E-4
4.4000	-1.25000E-4
4.5000	-1.25000E-4
4.6000	-1.25000E-4
4.7000	-1.25000E-4
4.8000	-1.25000E-4
4.9000	-1.25000E-4
5.0000	-1.25000E-4
5.1000	-1.87500E-4
5.2000	-1.87500E-4
5.3000	-1.87500E-4
5.4000	-1.87500E-4
5.5000	-1.87500E-4
5.6000	-1.87500E-4
5.7000	-1.87500E-4
5.8000	-1.87500E-4
5.9000	-1.87500E-4
6.0000	-1.87500E-4
6.1000	-1.87500E-4
6.2000	-1.87500E-4
6.3000	-1.87500E-4
6.4000	-1.87500E-4
6.5000	-1.87500E-4
6.6000	-1.87500E-4
6.7000	-1.87500E-4
6.8000	-1.87500E-4
6.9000	-1.87500E-4
7.0000	-1.87500E-4
7.1000	-1.87500E-4
7.2000	-2.50000E-4
7.3000	-2.50000E-4
7.4000	-2.50000E-4
7.5000	-2.50000E-4
7.6000	-2.50000E-4
7.7000	-2.50000E-4
7.8000	-2.50000E-4
7.9000	-2.50000E-4
8.0000	-2.50000E-4
8.1000	-2.50000E-4
8.2000	-2.50000E-4
8.3000	-2.50000E-4
8.4000	-2.50000E-4
8.5000	-2.50000E-4
8.6000	-2.50000E-4
8.7000	-2.50000E-4
8.8000	-2.50000E-4
8.9000	-2.50000E-4
9.0000	-2.50000E-4
9.1000	-2.50000E-4
9.2000	-3.12500E-4
9.3000	-3.12500E-4
9.4000	-3.12500E-4
9.5000	-3.12500E-4
9.6000	-3.12500E-4
9.7000	-3.12500E-4
9.8000	-3.12500E-4
9.9000	-3.12500E-4
10.0000	-3.12500E-4
10.1000	-3.12500E-4
10.2000	-3.12500E-4
10.3000	-3.12500E-4
10.4000	-3.12500E-4
10.5000	-3.12500E-4
10.6000	-3.12500E-4
10.7000	-3.12500E-4
10.8000	-3.12500E-4
10.9000	-3.12500E-4
11.0000	-3.12500E-4
11.1000	-3.12500E-4
11.2000	-3.75000E-4
11.3000	-3.75000E-4
11.4000	-3.75000E-4
11.5000	-3.75000E-4
11.6000	-3.75000E-4
11.7000	-3.75000E-4
11.8000	-3.75000E-4
11.9000	-3.75000E-4
12.0000	-3.75000E-4
12.1000	-3.75000E-4
12.2000	-3.75000E-4
12.3000	-3.75000E-4
12.4000	-3.75000E-4
12.5000	-3.75000E-4
12.6000	-3.75000E-4
12.7000	-3.75000E-4
12.8000	-3.75000E-4
12.9000	-3.75000E-4
13.0000	-3.75000E-4
13.1000	-3.75000E-4
13.2000	-3.75000E-4
13.3000	-3.75000E-4
13.4000	-4.37500E-4
13.5000	-4.37500E-4
13.6000	-4.37500E-4
13.7000	-4.37500E-4
13.8000	-4.37500E-4
13.9000	-4.37500E-4
14.0000	-5.00000E-4
14.1000	-5.00000E-4
14.2000	-5.00000E-4
14.3000	-5.00000E-4
14.4000	-5.00000E-4
14.5000	-5.00000E-4
14.6000	-5.00000E-4
14.7000	-5.00000E-4
14.8000	-5.00000E-4
14.9000	-5.00000E-4
15.0000	-5.00000E-4
15.1000	-5.00000E-4
15.2000	-5.00000E-4
15.3000	-5.00000E-4
15.4000	-5.00000E-4
15.5000	-5.00000E-4
15.6000	-5.00000E-4
15.7000	-5.00000E-4
15.8000	-5.00000E-4
15.9000	-5.00000E-4
16.0000	-5.00000E-4
16.1000	-5.00000E-4
16.2000	-5.00000E-4
16.3000	-5.00000E-4
16.4000	-5.00000E-4
16.5000	-5.00000E-4
16.6000	-5.00000E-4
16.7000	-5.00000E-4
16.8000	-5.00000E-4
16.9000	-5.00000E-4
17.0000	-5.00000E-4
17.1000	-5.00000E-4
17.2000	-5.62500E-4
17.3000	-5.62500E-4
17.4000	-5.62500E-4
17.5000	-5.62500E-4
17.6000	-5.62500E-4
17.7000	-5.62500E-4
17.8000	-5.62500E-4
17.9000	-5.62500E-4
18.0000	-5.62500E-4
18.1000	-5.62500E-4
18.2000	-5.62500E-4
18.3000	-5.62500E-4
18.4000	-5.62500E-4
18.5000	-5.62500E-4
18.6000	-5.62500E-4
18.7000	-5.62500E-4
18.8000	-5.62500E-4
18.9000	-5.62500E-4
19.0000	-5.62500E-4
19.1000	-5.62500E-4
19.2000	-5.62500E-4
19.3000	-6.25000E-4
19.4000	-6.25000E-4
19.5000	-6.25000E-4
19.6000	-6.25000E-4
19.7000	-6.25000E-4
19.8000	-6.25000E-4
19.9000	-6.25000E-4
20.0000	-6.25000E-4
20.1000	-6.25000E-4
20.2000	-6.25000E-4
20.3000	-6.25000E-4
20.4000	-6.25000E-4
20.5000	-6.25000E-4
20.6000	-6.25000E-4
20.7000	-6.25000E-4
20.8000	-6.25000E-4
20.9000	-6.25000E-4
21.0000	-6.25000E-4
21.1000	-6.25000E-4
21.2000	-6.25000E-4
21.3000	-6.87500E-4
21.4000	-6.87500E-4
21.5000	-6.87500E-4
21.6000	-6.87500E-4
21.7000	-6.87500E-4
21.8000	-6.87500E-4
21.9000	-6.87500E-4
22.0000	-6.87500E-4
22.1000	-6.87500E-4
22.2000	-6.87500E-4
22.3000	-6.87500E-4
22.4000	-6.87500E-4
22.5000	-6.87500E-4
22.6000	-6.87500E-4
22.7000	-6.87500E-4
22.8000	-6.87500E-4
22.9000	-6.87500E-4
23.0000	-6.87500E-4
23.1000	-6.87500E-4
23.2000	-6.87500E-4
23.3000	-6.87500E-4
23.4000	-7.50000E-4
23.5000	-7.50000E-4
23.6000	-7.50000E-4
23.7000	-7.50000E-4
23.8000	-7.50000E-4
23.9000	-7.50000E-4
24.0000	-7.50000E-4
24.1000	-7.50000E-4
24.2000	-7.50000E-4
24.3000	-7.50000E-4
24.4000	-7.50000E-4
24.5000	-7.50000E-4
24.6000	-7.50000E-4
24.7000	-7.50000E-4
24.8000	-7.50000E-4
24.9000	-7.50000E-4
25.0000	-7.50000E-4
25.1000	-8.12500E-4
25.2000	-8.12500E-4
25.3000	-8.12500E-4
25.4000	-8.12500E-4
25.5000	-8.12500E-4
25.6000	-8.12500E-4
25.7000	-8.12500E-4
25.8000	-8.12500E-4
25.9000	-8.12500E-4
26.0000	-8.12500E-4
26.1000	-8.12500E-4
26.2000	-8.12500E-4
26.3000	-8.12500E-4
26.4000	-8.12500E-4
26.5000	-8.12500E-4
26.6000	-8.12500E-4
26.7000	-8.12500E-4
26.8000	-8.12500E-4
26.9000	-8.12500E-4
27.0000	-8.12500E-4
27.1000	-8.12500E-4
27.2000	-8.12500E-4
27.3000	-8.75000E-4
27.4000	-8.75000E-4
27.5000	-8.75000E-4
27.6000	-8.75000E-4
27.7000	-8.75000E-4
27.8000	-8.75000E-4
27.9000	-8.75000E-4
28.0000	-8.75000E-4
28.1000	-8.75000E-4
28.2000	-8.75000E-4
28.3000	-8.75000E-4
28.4000	-8.75000E-4
28.5000	-8.75000E-4
28.6000	-8.75000E-4
28.7000	-8.75000E-4
28.8000	-8.75000E-4
28.9000	-8.75000E-4
29.0000	-8.75000E-4
29.1000	-8.75000E-4
29.2000	-8.75000E-4
29.3000	-8.75000E-4
29.4000	-8.75000E-4
29.5000	-8.75000E-4
29.6000	-9.37500E-4
29.7000	-9.37500E-4
29.8000	-9.37500E-4
29.9000	-9.37500E-4
30.0000	-9.37500E-4
30.1000	-9.37500E-4
30.2000	-9.37500E-4
30.3000	-9.37500E-4
30.4000	-9.37500E-4
30.5000	-9.37500E-4
30.6000	-9.37500E-4
30.7000	-9.37500E-4
30.8000	-9.37500E-4
30.9000	-9.37500E-4
31.0000	-9.37500E-4
31.1000	-9.37500E-4
31.2000	-9.37500E-4
31.3000	-9.37500E-4
31.4000	-9.37500E-4
31.5000	-0.00100
31.6000	-0.00100
31.7000	-0.00100
31.8000	-0.00100
31.9000	-0.00100
32.0000	-0.00100
32.1000	-0.00100
32.2000	-0.00100
32.3000	-0.00100
32.4000	-0.00100
32.5000	-0.00100
32.6000	-0.00100
32.7000	-0.00100
32.8000	-0.00100
32.9000	-0.00100
33.0000	-0.00100
33.1000	-0.00100
33.2000	-0.00100
33.3000	-0.00100
33.4000	-0.00106
33.5000	-0.00106
33.6000	-0.00106
33.7000	-0.00106
33.8000	-0.00106
33.9000	-0.00106
34.0000	-0.00106
34.1000	-0.00106
34.2000	-0.00106
34.3000	-0.00106
34.4000	-0.00106
34.5000	-0.00106
34.6000	-0.00106
34.7000	-0.00106
34.8000	-0.00106
34.9000	-0.00106
35.0000	-0.00106
35.1000	-0.00106
35.2000	-0.00106
35.3000	-0.00106
35.4000	-0.00106
35.5000	-0.00106
35.6000	-0.00112
35.7000	-0.00112
35.8000	-0.00112
35.9000	-0.00112
36.0000	-0.00112
36.1000	-0.00112
36.2000	-0.00112
36.3000	-0.00112
36.4000	-0.00112
36.5000	-0.00112
36.6000	-0.00112
36.7000	-0.00112
36.8000	-0.00112
36.9000	-0.00112
37.0000	-0.00112
37.1000	-0.00112
37.2000	-0.00112
37.3000	-0.00112
37.4000	-0.00112
37.5000	-0.00112
37.6000	-0.00119
37.7000	-0.00119
37.8000	-0.00119
37.9000	-0.00119
38.0000	-0.00119
38.1000	-0.00119
38.2000	-0.00119
38.3000	-0.00119
38.4000	-0.00119
38.5000	-0.00119
38.6000	-0.00119
38.7000	-0.00119
38.8000	-0.00119
38.9000	-0.00119
39.0000	-0.00119
39.1000	-0.00119
39.2000	-0.00119
39.3000	-0.00119
39.4000	-0.00119
39.5000	-0.00119
39.6000	-0.00119
39.7000	-0.00125
39.8000	-0.00125
39.9000	-0.00125
40.0000	-0.00125
40.1000	-0.00125
40.2000	-0.00125
40.3000	-0.00125
40.4000	-0.00125
40.5000	-0.00125
40.6000	-0.00125
40.7000	-0.00125
40.8000	-0.00125
40.9000	-0.00125
41.0000	-0.00125
41.1000	-0.00125
41.2000	-0.00125
41.3000	-0.00125
41.4000	-0.00125
41.5000	-0.00125
41.6000	-0.00131
41.7000	-0.00131
41.8000	-0.00131
41.9000	-0.00131
42.0000	-0.00131
42.1000	-0.00131
42.2000	-0.00131
42.3000	-0.00131
42.4000	-0.00131
42.5000	-0.00131
42.6000	-0.00131
42.7000	-0.00131
42.8000	-0.00131
42.9000	-0.00131
43.0000	-0.00131
43.1000	-0.00131
43.2000	-0.00131
43.3000	-0.00131
43.4000	-0.00131
43.5000	-0.00131
43.6000	-0.00131
43.7000	-0.00131
43.8000	-0.00137
43.9000	-0.00137
44.0000	-0.00137
44.1000	-0.00137
44.2000	-0.00137
44.3000	-0.00137
44.4000	-0.00137
44.5000	-0.00137
44.6000	-0.00137
44.7000	-0.00137
44.8000	-0.00137
44.9000	-0.00137
45.0000	-0.00137
45.1000	-0.00137
45.2000	-0.00137
45.3000	-0.00137
45.4000	-0.00137
45.5000	-0.00137
45.6000	-0.00144
45.7000	-0.00144
45.8000	-0.00144
45.9000	-0.00144
46.0000	-0.00144
46.1000	-0.00144
46.2000	-0.00144
46.3000	-0.00144
46.4000	-0.00144
46.5000	-0.00144
46.6000	-0.00144
46.7000	-0.00144
46.8000	-0.00144
46.9000	-0.00144
47.0000	-0.00144
47.1000	-0.00144
47.2000	-0.00144
47.3000	-0.00144
47.4000	-0.00144
47.5000	-0.00144
47.6000	-0.00144
47.7000	-0.00144
47.8000	-0.00150
47.9000	-0.00150
48.0000	-0.00150
48.1000	-0.00150
48.2000	-0.00150
48.3000	-0.00150
48.4000	-0.00150
48.5000	-0.00150
48.6000	-0.00150
48.7000	-0.00150
48.8000	-0.00150
48.9000	-0.00150
49.0000	-0.00150
49.1000	-0.00150
49.2000	-0.00150
49.3000	-0.00150
49.4000	-0.00150
49.5000	-0.00150
49.6000	-0.00150
49.7000	-0.00156
49.8000	-0.00156
49.9000	-0.00156
50.0000	-0.00156
50.1000	-0.00156
50.2000	-0.00156
50.3000	-0.00156
50.4000	-0.00156
50.5000	-0.00156
50.6000	-0.00156
50.7000	-0.00156
50.8000	-0.00156
50.9000	-0.00156
51.0000	-0.00156
51.1000	-0.00156
51.2000	-0.00156
51.3000	-0.00156
51.4000	-0.00156
51.5000	-0.00156
51.6000	-0.00156
51.7000	-0.00156
51.8000	-0.00162
51.9000	-0.00162
52.0000	-0.00162
52.1000	-0.00162
52.2000	-0.00162
52.3000	-0.00162
52.4000	-0.00162
52.5000	-0.00162
52.6000	-0.00162
52.7000	-0.00162
52.8000	-0.00162
52.9000	-0.00162
53.0000	-0.00162
53.1000	-0.00162
53.2000	-0.00162
53.3000	-0.00162
53.4000	-0.00162
53.5000	-0.00162
53.6000	-0.00162
53.7000	-0.00162
53.8000	-0.00169
53.9000	-0.00169
54.0000	-0.00169
54.1000	-0.00169
54.2000	-0.00169
54.3000	-0.00169
54.4000	-0.00169
54.5000	-0.00169
54.6000	-0.00169
54.7000	-0.00169
54.8000	-0.00169
54.9000	-0.00169
55.0000	-0.00169
55.1000	-0.00169
55.2000	-0.00169
55.3000	-0.00169
55.4000	-0.00169
55.5000	-0.00169
55.6000	-0.00169
55.7000	-0.00169
55.8000	-0.00169
55.9000	-0.00169
56.0000	-0.00175
56.1000	-0.00175
56.2000	-0.00175
56.3000	-0.00175
56.4000	-0.00175
56.5000	-0.00175
56.6000	-0.00175
56.7000	-0.00175
56.8000	-0.00175
56.9000	-0.00175
57.0000	-0.00175
57.1000	-0.00175
57.2000	-0.00175
57.3000	-0.00175
57.4000	-0.00175
57.5000	-0.00175
57.6000	-0.00175
57.7000	-0.00175
57.8000	-0.00175
57.9000	-0.00175
58.0000	-0.00181
58.1000	-0.00181
58.2000	-0.00181
58.3000	-0.00181
58.4000	-0.00181
58.5000	-0.00181
58.6000	-0.00181
58.7000	-0.00181
58.8000	-0.00181
58.9000	-0.00181
59.0000	-0.00181
59.1000	-0.00181
59.2000	-0.00181
59.3000	-0.00181
59.4000	-0.00181
59.5000	-0.00181
59.6000	-0.00181
59.7000	-0.00181
59.8000	-0.00181
59.9000	-0.00181
60.0000	-0.00181
60.1000	-0.00181
60.2000	-0.00187
60.3000	-0.00187
60.4000	-0.00187
60.5000	-0.00187
60.6000	-0.00187
60.7000	-0.00187
60.8000	-0.00187
60.9000	-0.00187
61.0000	-0.00187
61.1000	-0.00187
61.2000	-0.00187
61.3000	-0.00187
61.4000	-0.00187
61.5000	-0.00187
61.6000	-0.00187
61.7000	-0.00187
61.8000	-0.00187
61.9000	-0.00187
62.0000	-0.00187
62.1000	-0.00187
62.2000	-0.00187
62.3000	-0.00194
62.4000	-0.00194
62.5000	-0.00194
62.6000	-0.00194
62.7000	-0.00194
62.8000	-0.00194
62.9000	-0.00194
63.0000	-0.00194
63.1000	-0.00194
63.2000	-0.00194
63.3000	-0.00194
63.4000	-0.00194
63.5000	-0.00194
63.6000	-0.00194
63.7000	-0.00194
63.8000	-0.00194
63.9000	-0.00194
64.0000	-0.00194
64.1000	-0.00194
64.2000	-0.00194
64.3000	-0.00200
64.4000	-0.00200
64.5000	-0.00200
64.6000	-0.00200
64.7000	-0.00200
64.8000	-0.00200
64.9000	-0.00200
65.0000	-0.00200
65.1000	-0.00200
65.2000	-0.00200
65.3000	-0.00200
65.4000	-0.00200
65.5000	-0.00200
65.6000	-0.00200
65.7000	-0.00200
65.8000	-0.00200
65.9000	-0.00200
66.0000	-0.00200
66.1000	-0.00200
66.2000	-0.00206
66.3000	-0.00206
66.4000	-0.00206
66.5000	-0.00206
66.6000	-0.00206
66.7000	-0.00206
66.8000	-0.00206
66.9000	-0.00206
67.0000	-0.00206
67.1000	-0.00206
67.2000	-0.00206
67.3000	-0.00206
67.4000	-0.00206
67.5000	-0.00206
67.6000	-0.00206
67.7000	-0.00206
67.8000	-0.00206
67.9000	-0.00206
68.0000	-0.00206
68.1000	-0.00206
68.2000	-0.00212
68.3000	-0.00212
68.4000	-0.00212
68.5000	-0.00212
68.6000	-0.00212
68.7000	-0.00212
68.8000	-0.00212
68.9000	-0.00212
69.0000	-0.00212
69.1000	-0.00212
69.2000	-0.00212
69.3000	-0.00212
69.4000	-0.00212
69.5000	-0.00212
69.6000	-0.00212
69.7000	-0.00212
69.8000	-0.00212
69.9000	-0.00212
70.0000	-0.00212
70.1000	-0.00212
70.2000	-0.00219
70.3000	-0.00219
70.4000	-0.00219
70.5000	-0.00219
70.6000	-0.00219
70.7000	-0.00219
70.8000	-0.00219
70.9000	-0.00219
71.0000	-0.00219
71.1000	-0.00219
71.2000	-0.00219
71.3000	-0.00219
71.4000	-0.00219
71.5000	-0.00219
71.6000	-0.00219
71.7000	-0.00219
71.8000	-0.00219
71.9000	-0.00219
72.0000	-0.00219
72.1000	-0.00219
72.2000	-0.00219
72.3000	-0.00219
72.4000	-0.00225
72.5000	-0.00225
72.6000	-0.00225
72.7000	-0.00225
72.8000	-0.00225
72.9000	-0.00225
73.0000	-0.00225
73.1000	-0.00225
73.2000	-0.00225
73.3000	-0.00225
73.4000	-0.00225
73.5000	-0.00225
73.6000	-0.00225
73.7000	-0.00225
73.8000	-0.00225
73.9000	-0.00225
74.0000	-0.00225
74.1000	-0.00225
74.2000	-0.00231
74.3000	-0.00231
74.4000	-0.00231
74.5000	-0.00231
74.6000	-0.00231
74.7000	-0.00231
74.8000	-0.00231
74.9000	-0.00231
75.0000	-0.00231
75.1000	-0.00231
75.2000	-0.00231
75.3000	-0.00231
75.4000	-0.00231
75.5000	-0.00231
75.6000	-0.00231
75.7000	-0.00231
75.8000	-0.00231
75.9000	-0.00231
76.0000	-0.00231
76.1000	-0.00231
76.2000	-0.00231
76.3000	-0.00231
76.4000	-0.00231
76.5000	-0.00231
76.6000	-0.00237
76.7000	-0.00237
76.8000	-0.00237
76.9000	-0.00237
77.0000	-0.00237
77.1000	-0.00237
77.2000	-0.00237
77.3000	-0.00237
77.4000	-0.00237
77.5000	-0.00237
77.6000	-0.00237
77.7000	-0.00237
77.8000	-0.00237
77.9000	-0.00237
78.0000	-0.00237
78.1000	-0.00237
78.2000	-0.00237
78.3000	-0.00237
78.4000	-0.00237
78.5000	-0.00237
78.6000	-0.00237
78.7000	-0.00244
78.8000	-0.00244
78.9000	-0.00244
79.0000	-0.00244
79.1000	-0.00244
79.2000	-0.00244
79.3000	-0.00244
79.4000	-0.00244
79.5000	-0.00244
79.6000	-0.00244
79.7000	-0.00244
79.8000	-0.00244
79.9000	-0.00244
80.0000	-0.00244
80.1000	-0.00244
80.2000	-0.00244
80.3000	-0.00244
80.4000	-0.00244
80.5000	-0.00244
80.6000	-0.00244
80.7000	-0.00250
80.8000	-0.00250
80.9000	-0.00250
81.0000	-0.00250
81.1000	-0.00250
81.2000	-0.00250
81.3000	-0.00250
81.4000	-0.00250
81.5000	-0.00250
81.6000	-0.00250
81.7000	-0.00250
81.8000	-0.00250
81.9000	-0.00250
82.0000	-0.00250
82.1000	-0.00250
82.2000	-0.00250
82.3000	-0.00250
82.4000	-0.00250
82.5000	-0.00250
82.6000	-0.00250
82.7000	-0.00250
82.8000	-0.00256
82.9000	-0.00256
83.0000	-0.00256
83.1000	-0.00256
83.2000	-0.00256
83.3000	-0.00256
83.4000	-0.00256
83.5000	-0.00256
83.6000	-0.00256
83.7000	-0.00256
83.8000	-0.00256
83.9000	-0.00256
84.0000	-0.00256
84.1000	-0.00256
84.2000	-0.00256
84.3000	-0.00256
84.4000	-0.00256
84.5000	-0.00256
84.6000	-0.00256
84.7000	-0.00256
84.8000	-0.00256
84.9000	-0.00256
85.0000	-0.00262
85.1000	-0.00262
85.2000	-0.00262
85.3000	-0.00262
85.4000	-0.00262
85.5000	-0.00262
85.6000	-0.00262
85.7000	-0.00262
85.8000	-0.00262
85.9000	-0.00262
86.0000	-0.00262
86.1000	-0.00262
86.2000	-0.00262
86.3000	-0.00262
86.4000	-0.00262
86.5000	-0.00262
86.6000	-0.00262
86.7000	-0.00262
86.8000	-0.00262
86.9000	-0.00269
87.0000	-0.00269
87.1000	-0.00269
87.2000	-0.00269
87.3000	-0.00269
87.4000	-0.00269
87.5000	-0.00269
87.6000	-0.00269
87.7000	-0.00269
87.8000	-0.00269
87.9000	-0.00269
88.0000	-0.00269
88.1000	-0.00269
88.2000	-0.00269
88.3000	-0.00269
88.4000	-0.00269
88.5000	-0.00269
88.6000	-0.00269
88.7000	-0.00269
88.8000	-0.00269
88.9000	-0.00269
89.0000	-0.00269
89.1000	-0.00269
89.2000	-0.00269
89.3000	-0.00275
89.4000	-0.00275
89.5000	-0.00275
89.6000	-0.00275
89.7000	-0.00275
89.8000	-0.00275
89.9000	-0.00275
90.0000	-0.00275
90.1000	-0.00275
90.2000	-0.00275
90.3000	-0.00275
90.4000	-0.00275
90.5000	-0.00275
90.6000	-0.00275
90.7000	-0.00275
90.8000	-0.00275
90.9000	-0.00275
91.0000	-0.00275
91.1000	-0.00275
91.2000	-0.00275
91.3000	-0.00275
91.4000	-0.00281
91.5000	-0.00281
91.6000	-0.00281
91.7000	-0.00281
91.8000	-0.00281
91.9000	-0.00281
92.0000	-0.00281
92.1000	-0.00281
92.2000	-0.00281
92.3000	-0.00281
92.4000	-0.00281
92.5000	-0.00281
92.6000	-0.00281
92.7000	-0.00281
92.8000	-0.00281
92.9000	-0.00281
93.0000	-0.00281
93.1000	-0.00281
93.2000	-0.00281
93.3000	-0.00281
93.4000	-0.00281
93.5000	-0.00287
93.6000	-0.00287
93.7000	-0.00287
93.8000	-0.00287
93.9000	-0.00287
94.0000	-0.00287
94.1000	-0.00287
94.2000	-0.00287
94.3000	-0.00287
94.4000	-0.00287
94.5000	-0.00287
94.6000	-0.00287
94.7000	-0.00287
94.8000	-0.00287
94.9000	-0.00287
95.0000	-0.00287
95.1000	-0.00287
95.2000	-0.00287
95.3000	-0.00287
95.4000	-0.00287
95.5000	-0.00287
95.6000	-0.00287
95.7000	-0.00287
95.8000	-0.00294
95.9000	-0.00294
96.0000	-0.00294
96.1000	-0.00294
96.2000	-0.00294
96.3000	-0.00294
96.4000	-0.00294
96.5000	-0.00294
96.6000	-0.00294
96.7000	-0.00294
96.8000	-0.00294
96.9000	-0.00294
97.0000	-0.00294
97.1000	-0.00294
97.2000	-0.00294
97.3000	-0.00294
97.4000	-0.00294
97.5000	-0.00294
97.6000	-0.00294
97.7000	-0.00294
97.8000	-0.00294
97.9000	-0.00300
98.0000	-0.00300
98.1000	-0.00300
98.2000	-0.00300
98.3000	-0.00300
98.4000	-0.00300
98.5000	-0.00300
98.6000	-0.00300
98.7000	-0.00300
98.8000	-0.00300
98.9000	-0.00300
99.0000	-0.00300
99.1000	-0.00300
99.2000	-0.00300
99.3000	-0.00300
99.4000	-0.00300
99.5000	-0.00300
99.6000	-0.00300
99.7000	-0.00300
99.8000	-0.00300
99.9000	-0.00306
100.0000	-0.00306
100.1000	-0.00306
100.2000	-0.00306
100.3000	-0.00306
100.4000	-0.00306
100.5000	-0.00306
100.6000	-0.00306
100.7000	-0.00306
100.8000	-0.00306
100.9000	-0.00306
101.0000	-0.00306
101.1000	-0.00306
101.2000	-0.00306
101.3000	-0.00306
101.4000	-0.00306
101.5000	-0.00306
101.6000	-0.00306
101.7000	-0.00306
101.8000	-0.00306
101.9000	-0.00306
102.0000	-0.00306
102.1000	-0.00312
102.2000	-0.00312
102.3000	-0.00312
102.4000	-0.00312
102.5000	-0.00312
102.6000	-0.00312
102.7000	-0.00312
102.8000	-0.00312
102.9000	-0.00312
103.0000	-0.00312
103.1000	-0.00312
103.2000	-0.00312
103.3000	-0.00312
103.4000	-0.00312
103.5000	-0.00312
103.6000	-0.00312
103.7000	-0.00312
103.8000	-0.00312
103.9000	-0.00312
104.0000	-0.00319
104.1000	-0.00319
104.2000	-0.00319
104.3000	-0.00319
104.4000	-0.00319
104.5000	-0.00319
104.6000	-0.00319
104.7000	-0.00319
104.8000	-0.00319
104.9000	-0.00319
105.0000	-0.00319
105.1000	-0.00319
105.2000	-0.00319
105.3000	-0.00319
105.4000	-0.00319
105.5000	-0.00319
105.6000	-0.00319
105.7000	-0.00319
105.8000	-0.00319
105.9000	-0.00319
106.0000	-0.00319
106.1000	-0.00319
106.2000	-0.00325
106.3000	-0.00325
106.4000	-0.00325
106.5000	-0.00325
106.6000	-0.00325
106.7000	-0.00325
106.8000	-0.00325
106.9000	-0.00325
107.0000	-0.00325
107.1000	-0.00325
107.2000	-0.00325
107.3000	-0.00325
107.4000	-0.00325
107.5000	-0.00325
107.6000	-0.00325
107.7000	-0.00325
107.8000	-0.00325
107.9000	-0.00325
108.0000	-0.00325
108.1000	-0.00331
108.2000	-0.00331
108.3000	-0.00331
108.4000	-0.00331
108.5000	-0.00331
108.6000	-0.00331
108.7000	-0.00331
108.8000	-0.00331
108.9000	-0.00331
109.0000	-0.00331
109.1000	-0.00331
109.2000	-0.00331
109.3000	-0.00331
109.4000	-0.00331
109.5000	-0.00331
109.6000	-0.00331
109.7000	-0.00331
109.8000	-0.00331
109.9000	-0.00331
110.0000	-0.00331
110.1000	-0.00337
110.2000	-0.00337
110.3000	-0.00337
110.4000	-0.00337
110.5000	-0.00337
110.6000	-0.00337
110.7000	-0.00337
110.8000	-0.00337
110.9000	-0.00337
111.0000	-0.00337
111.1000	-0.00337
111.2000	-0.00337
111.3000	-0.00337
111.4000	-0.00337
111.5000	-0.00337
111.6000	-0.00337
111.7000	-0.00337
111.8000	-0.00337
111.9000	-0.00337
112.0000	-0.00337
112.1000	-0.00344
112.2000	-0.00344
112.3000	-0.00344
112.4000	-0.00344
112.5000	-0.00344
112.6000	-0.00344
112.7000	-0.00344
112.8000	-0.00344
112.9000	-0.00344
113.0000	-0.00344
113.1000	-0.00344
113.2000	-0.00344
113.3000	-0.00344
113.4000	-0.00344
113.5000	-0.00344
113.6000	-0.00344
113.7000	-0.00344
113.8000	-0.00344
113.9000	-0.00344
114.0000	-0.00344
114.1000	-0.00350
114.2000	-0.00350
114.3000	-0.00350
114.4000	-0.00350
114.5000	-0.00350
114.6000	-0.00350
114.7000	-0.00350
114.8000	-0.00350
114.9000	-0.00350
115.0000	-0.00350
115.1000	-0.00350
115.2000	-0.00350
115.3000	-0.00350
115.4000	-0.00350
115.5000	-0.00350
115.6000	-0.00350
115.7000	-0.00350
115.8000	-0.00350
115.9000	-0.00350
116.0000	-0.00350
116.1000	-0.00356
116.2000	-0.00356
116.3000	-0.00356
116.4000	-0.00356
116.5000	-0.00356
116.6000	-0.00356
116.7000	-0.00356
116.8000	-0.00356
116.9000	-0.00356
117.0000	-0.00356
117.1000	-0.00356
117.2000	-0.00356
117.3000	-0.00356
117.4000	-0.00356
117.5000	-0.00356
117.6000	-0.00356
117.7000	-0.00356
117.8000	-0.00356
117.9000	-0.00356
118.0000	-0.00356
118.1000	-0.00356
118.2000	-0.00356
118.3000	-0.00356
118.4000	-0.00362
118.5000	-0.00362
118.6000	-0.00362
118.7000	-0.00362
118.8000	-0.00362
118.9000	-0.00362
119.0000	-0.00362
119.1000	-0.00362
119.2000	-0.00362
119.3000	-0.00362
119.4000	-0.00362
119.5000	-0.00362
119.6000	-0.00362
119.7000	-0.00362
119.8000	-0.00362
119.9000	-0.00362
120.0000	-0.00362
120.1000	-0.00362
120.2000	-0.00362
120.3000	-0.00362
120.4000	-0.00362
120.5000	-0.00369
120.6000	-0.00369
120.7000	-0.00369
120.8000	-0.00369
120.9000	-0.00369
121.0000	-0.00369
121.1000	-0.00369
121.2000	-0.00369
121.3000	-0.00369
121.4000	-0.00369
121.5000	-0.00369
121.6000	-0.00369
121.7000	-0.00369
121.8000	-0.00369
121.9000	-0.00369
122.0000	-0.00369
122.1000	-0.00369
122.2000	-0.00369
122.3000	-0.00369
122.4000	-0.00369
122.5000	-0.00369
122.6000	-0.00375
122.7000	-0.00375
122.8000	-0.00375
122.9000	-0.00375
123.0000	-0.00375
123.1000	-0.00375
123.2000	-0.00375
123.3000	-0.00375
123.4000	-0.00375
123.5000	-0.00375
123.6000	-0.00375
123.7000	-0.00375
123.8000	-0.00375
123.9000	-0.00375
124.0000	-0.00375
124.1000	-0.00375
124.2000	-0.00375
124.3000	-0.00375
124.4000	-0.00375
124.5000	-0.00375
124.6000	-0.00381
124.7000	-0.00381
124.8000	-0.00381
124.9000	-0.00381
125.0000	-0.00381
125.1000	-0.00381
125.2000	-0.00381
125.3000	-0.00381
125.4000	-0.00381
125.5000	-0.00381
125.6000	-0.00381
125.7000	-0.00381
125.8000	-0.00381
125.9000	-0.00381
126.0000	-0.00381
126.1000	-0.00381
126.2000	-0.00381
126.3000	-0.00381
126.4000	-0.00381
126.5000	-0.00381
126.6000	-0.00381
126.7000	-0.00387
126.8000	-0.00387
126.9000	-0.00387
127.0000	-0.00387
127.1000	-0.00387
127.2000	-0.00387
127.3000	-0.00387
127.4000	-0.00387
127.5000	-0.00387
127.6000	-0.00387
127.7000	-0.00387
127.8000	-0.00387
127.9000	-0.00387
128.0000	-0.00387
128.1000	-0.00387
128.2000	-0.00387
128.3000	-0.00387
128.4000	-0.00387
128.5000	-0.00387
128.6000	-0.00387
128.7000	-0.00394
128.8000	-0.00394
128.9000	-0.00394
129.0000	-0.00394
129.1000	-0.00394
129.2000	-0.00394
129.3000	-0.00394
129.4000	-0.00394
129.5000	-0.00394
129.6000	-0.00394
129.7000	-0.00394
129.8000	-0.00394
129.9000	-0.00394
130.0000	-0.00394
130.1000	-0.00394
130.2000	-0.00394
130.3000	-0.00394
130.4000	-0.00394
130.5000	-0.00394
130.6000	-0.00394
130.7000	-0.00394
130.8000	-0.00394
130.9000	-0.00394
131.0000	-0.00394
131.1000	-0.00400
131.2000	-0.00400
131.3000	-0.00400
131.4000	-0.00400
131.5000	-0.00400
131.6000	-0.00400
131.7000	-0.00400
131.8000	-0.00400
131.9000	-0.00400
132.0000	-0.00400
132.1000	-0.00400
132.2000	-0.00400
132.3000	-0.00400
132.4000	-0.00400
132.5000	-0.00400
132.6000	-0.00400
132.7000	-0.00400
132.8000	-0.00400
132.9000	-0.00400
133.0000	-0.00406
133.1000	-0.00406
133.2000	-0.00406
133.3000	-0.00406
133.4000	-0.00406
133.5000	-0.00406
133.6000	-0.00406
133.7000	-0.00406
133.8000	-0.00406
133.9000	-0.00406
134.0000	-0.00406
134.1000	-0.00406
134.2000	-0.00406
134.3000	-0.00406
134.4000	-0.00406
134.5000	-0.00406
134.6000	-0.00406
134.7000	-0.00406
134.8000	-0.00406
134.9000	-0.00406
135.0000	-0.00406
135.1000	-0.00406
135.2000	-0.00412
135.3000	-0.00412
135.4000	-0.00412
135.5000	-0.00412
135.6000	-0.00412
135.7000	-0.00412
135.8000	-0.00412
135.9000	-0.00412
136.0000	-0.00412
136.1000	-0.00412
136.2000	-0.00412
136.3000	-0.00412
136.4000	-0.00412
136.5000	-0.00412
136.6000	-0.00412
136.7000	-0.00412
136.8000	-0.00412
136.9000	-0.00412
137.0000	-0.00412
137.1000	-0.00412
137.2000	-0.00412
137.3000	-0.00419
137.4000	-0.00419
137.5000	-0.00419
137.6000	-0.00419
137.7000	-0.00419
137.8000	-0.00419
137.9000	-0.00419
138.0000	-0.00419
138.1000	-0.00419
138.2000	-0.00419
138.3000	-0.00419
138.4000	-0.00419
138.5000	-0.00419
138.6000	-0.00419
138.7000	-0.00419
138.8000	-0.00419
138.9000	-0.00419
139.0000	-0.00419
139.1000	-0.00419
139.2000	-0.00419
139.3000	-0.00419
139.4000	-0.00419
139.5000	-0.00425
139.6000	-0.00425
139.7000	-0.00425
139.8000	-0.00425
139.9000	-0.00425
140.0000	-0.00425
140.1000	-0.00425
140.2000	-0.00425
140.3000	-0.00425
140.4000	-0.00425
140.5000	-0.00425
140.6000	-0.00425
140.7000	-0.00425
140.8000	-0.00425
140.9000	-0.00425
141.0000	-0.00425
141.1000	-0.00425
141.2000	-0.00425
141.3000	-0.00425
141.4000	-0.00431
141.5000	-0.00431
141.6000	-0.00431
141.7000	-0.00431
141.8000	-0.00431
141.9000	-0.00431
142.0000	-0.00431
142.1000	-0.00431
142.2000	-0.00431
142.3000	-0.00431
142.4000	-0.00431
142.5000	-0.00431
142.6000	-0.00431
142.7000	-0.00431
142.8000	-0.00431
142.9000	-0.00431
143.0000	-0.00431
143.1000	-0.00431
143.2000	-0.00431
143.3000	-0.00431
143.4000	-0.00431
143.5000	-0.00437
143.6000	-0.00437
143.7000	-0.00437
143.8000	-0.00437
143.9000	-0.00437
144.0000	-0.00437
144.1000	-0.00437
144.2000	-0.00437
144.3000	-0.00437
144.4000	-0.00437
144.5000	-0.00437
144.6000	-0.00437
144.7000	-0.00437
144.8000	-0.00437
144.9000	-0.00437
145.0000	-0.00437
145.1000	-0.00437
145.2000	-0.00437
145.3000	-0.00437
145.4000	-0.00437
145.5000	-0.00437
145.6000	-0.00444
145.7000	-0.00444
145.8000	-0.00444
145.9000	-0.00444
146.0000	-0.00444
146.1000	-0.00444
146.2000	-0.00444
146.3000	-0.00444
146.4000	-0.00444
146.5000	-0.00444
146.6000	-0.00444
146.7000	-0.00444
146.8000	-0.00444
146.9000	-0.00444
147.0000	-0.00444
147.1000	-0.00444
147.2000	-0.00444
147.3000	-0.00444
147.4000	-0.00444
147.5000	-0.00444
147.6000	-0.00444
147.7000	-0.00444
147.8000	-0.00450
147.9000	-0.00450
148.0000	-0.00450
148.1000	-0.00450
148.2000	-0.00450
148.3000	-0.00450
148.4000	-0.00450
148.5000	-0.00450
148.6000	-0.00450
148.7000	-0.00450
148.8000	-0.00450
148.9000	-0.00450
149.0000	-0.00450
149.1000	-0.00450
149.2000	-0.00450
149.3000	-0.00450
149.4000	-0.00450
149.5000	-0.00450
149.6000	-0.00450
149.7000	-0.00450
149.8000	-0.00450
149.9000	-0.00456
150.0000	-0.00456
150.1000	-0.00456
150.2000	-0.00456
150.3000	-0.00456
150.4000	-0.00456
150.5000	-0.00456
150.6000	-0.00456
150.7000	-0.00456
150.8000	-0.00456
150.9000	-0.00456
151.0000	-0.00456
151.1000	-0.00456
151.2000	-0.00456
151.3000	-0.00456
151.4000	-0.00456
151.5000	-0.00456
151.6000	-0.00456
151.7000	-0.00456
151.8000	-0.00456
151.9000	-0.00456
152.0000	-0.00456
152.1000	-0.00462
152.2000	-0.00462
152.3000	-0.00462
152.4000	-0.00462
152.5000	-0.00462
152.6000	-0.00462
152.7000	-0.00462
152.8000	-0.00462
152.9000	-0.00462
153.0000	-0.00462
153.1000	-0.00462
153.2000	-0.00462
153.3000	-0.00462
153.4000	-0.00462
153.5000	-0.00462
153.6000	-0.00462
153.7000	-0.00462
153.8000	-0.00462
153.9000	-0.00462
154.0000	-0.00462
154.1000	-0.00462
154.2000	-0.00469
154.3000	-0.00469
154.4000	-0.00469
154.5000	-0.00469
154.6000	-0.00469
154.7000	-0.00469
154.8000	-0.00469
154.9000	-0.00469
155.0000	-0.00469
155.1000	-0.00469
155.2000	-0.00469
155.3000	-0.00469
155.4000	-0.00469
155.5000	-0.00469
155.6000	-0.00469
155.7000	-0.00469
155.8000	-0.00469
155.9000	-0.00469
156.0000	-0.00469
156.1000	-0.00469
156.2000	-0.00475
156.3000	-0.00475
156.4000	-0.00475
156.5000	-0.00475
156.6000	-0.00475
156.7000	-0.00475
156.8000	-0.00475
156.9000	-0.00475
157.0000	-0.00475
157.1000	-0.00475
157.2000	-0.00475
157.3000	-0.00475
157.4000	-0.00475
157.5000	-0.00475
157.6000	-0.00475
157.7000	-0.00475
157.8000	-0.00475
157.9000	-0.00475
158.0000	-0.00475
158.1000	-0.00481
158.2000	-0.00481
158.3000	-0.00481
158.4000	-0.00481
158.5000	-0.00481
158.6000	-0.00481
158.7000	-0.00481
158.8000	-0.00481
158.9000	-0.00481
159.0000	-0.00481
159.1000	-0.00481
159.2000	-0.00481
159.3000	-0.00481
159.4000	-0.00481
159.5000	-0.00481
159.6000	-0.00481
159.7000	-0.00481
159.8000	-0.00481
159.9000	-0.00481
160.0000	-0.00481
160.1000	-0.00481
160.2000	-0.00487
160.3000	-0.00487
160.4000	-0.00487
160.5000	-0.00487
160.6000	-0.00487
160.7000	-0.00487
160.8000	-0.00487
160.9000	-0.00487
161.0000	-0.00487
161.1000	-0.00487
161.2000	-0.00487
161.3000	-0.00487
161.4000	-0.00487
161.5000	-0.00487
161.6000	-0.00487
161.7000	-0.00487
161.8000	-0.00487
161.9000	-0.00487
162.0000	-0.00494
162.1000	-0.00494
162.2000	-0.00494
162.3000	-0.00494
162.4000	-0.00494
162.5000	-0.00494
162.6000	-0.00494
162.7000	-0.00494
162.8000	-0.00494
162.9000	-0.00494
163.0000	-0.00494
163.1000	-0.00494
163.2000	-0.00494
163.3000	-0.00494
163.4000	-0.00494
163.5000	-0.00494
163.6000	-0.00494
163.7000	-0.00494
163.8000	-0.00494
163.9000	-0.00494
164.0000	-0.00494
164.1000	-0.00494
164.2000	-0.00500
164.3000	-0.00500
164.4000	-0.00500
164.5000	-0.00500
164.6000	-0.00500
164.7000	-0.00500
164.8000	-0.00500
164.9000	-0.00500
165.0000	-0.00500
165.1000	-0.00500
165.2000	-0.00500
165.3000	-0.00500
165.4000	-0.00500
165.5000	-0.00500
165.6000	-0.00500
165.7000	-0.00500
165.8000	-0.00500
165.9000	-0.00500
166.0000	-0.00500
166.1000	-0.00500
166.2000	-0.00500
166.3000	-0.00506
166.4000	-0.00506
166.5000	-0.00506
166.6000	-0.00506
166.7000	-0.00506
166.8000	-0.00506
166.9000	-0.00506
167.0000	-0.00506
167.1000	-0.00506
167.2000	-0.00506
167.3000	-0.00506
167.4000	-0.00506
167.5000	-0.00506
167.6000	-0.00506
167.7000	-0.00506
167.8000	-0.00506
167.9000	-0.00506
168.0000	-0.00506
168.1000	-0.00506
168.2000	-0.00506
168.3000	-0.00506
168.4000	-0.00506
168.5000	-0.00513
168.6000	-0.00513
168.7000	-0.00513
168.8000	-0.00513
168.9000	-0.00513
169.0000	-0.00513
169.1000	-0.00513
169.2000	-0.00513
169.3000	-0.00513
169.4000	-0.00513
169.5000	-0.00513
169.6000	-0.00513
169.7000	-0.00513
169.8000	-0.00513
169.9000	-0.00513
170.0000	-0.00513
170.1000	-0.00513
170.2000	-0.00513
170.3000	-0.00519
170.4000	-0.00519
170.5000	-0.00519
170.6000	-0.00519
170.7000	-0.00519
170.8000	-0.00519
170.9000	-0.00519
171.0000	-0.00519
171.1000	-0.00519
171.2000	-0.00519
171.3000	-0.00519
171.4000	-0.00519
171.5000	-0.00519
171.6000	-0.00519
171.7000	-0.00519
171.8000	-0.00519
171.9000	-0.00519
172.0000	-0.00519
172.1000	-0.00519
172.2000	-0.00519
172.3000	-0.00519
172.4000	-0.00519
172.5000	-0.00525
172.6000	-0.00525
172.7000	-0.00525
172.8000	-0.00525
172.9000	-0.00525
173.0000	-0.00525
173.1000	-0.00525
173.2000	-0.00525
173.3000	-0.00525
173.4000	-0.00525
173.5000	-0.00525
173.6000	-0.00525
173.7000	-0.00525
173.8000	-0.00525
173.9000	-0.00525
174.0000	-0.00525
174.1000	-0.00525
174.2000	-0.00525
174.3000	-0.00525
174.4000	-0.00525
174.5000	-0.00525
174.6000	-0.00531
174.7000	-0.00531
174.8000	-0.00531
174.9000	-0.00531
175.0000	-0.00531
175.1000	-0.00531
175.2000	-0.00531
175.3000	-0.00531
175.4000	-0.00531
175.5000	-0.00531
175.6000	-0.00531
175.7000	-0.00531
175.8000	-0.00531
175.9000	-0.00531
176.0000	-0.00531
176.1000	-0.00531
176.2000	-0.00531
176.3000	-0.00531
176.4000	-0.00531
176.5000	-0.00531
176.6000	-0.00531
176.7000	-0.00531
176.8000	-0.00537
176.9000	-0.00537
177.0000	-0.00537
177.1000	-0.00537
177.2000	-0.00537
177.3000	-0.00537
177.4000	-0.00537
177.5000	-0.00537
177.6000	-0.00537
177.7000	-0.00537
177.8000	-0.00537
177.9000	-0.00537
178.0000	-0.00537
178.1000	-0.00537
178.2000	-0.00537
178.3000	-0.00537
178.4000	-0.00537
178.5000	-0.00537
178.6000	-0.00537
178.7000	-0.00544
178.8000	-0.00544
178.9000	-0.00544
179.0000	-0.00544
179.1000	-0.00544
179.2000	-0.00544
179.3000	-0.00544
179.4000	-0.00544
179.5000	-0.00544
179.6000	-0.00544
179.7000	-0.00544
179.8000	-0.00544
179.9000	-0.00544
180.0000	-0.00544
180.1000	-0.00544
180.2000	-0.00544
180.3000	-0.00544
180.4000	-0.00544
180.5000	-0.00544
180.6000	-0.00544
180.7000	-0.00544
180.8000	-0.00544
180.9000	-0.00544
181.0000	-0.00550
181.1000	-0.00550
181.2000	-0.00550
181.3000	-0.00550
181.4000	-0.00550
181.5000	-0.00550
181.6000	-0.00550
181.7000	-0.00550
181.8000	-0.00550
181.9000	-0.00550
182.0000	-0.00550
182.1000	-0.00550
182.2000	-0.00550
182.3000	-0.00550
182.4000	-0.00550
182.5000	-0.00550
182.6000	-0.00550
182.7000	-0.00550
182.8000	-0.00550
182.9000	-0.00556
183.0000	-0.00556
183.1000	-0.00556
183.2000	-0.00556
183.3000	-0.00556
183.4000	-0.00556
183.5000	-0.00556
183.6000	-0.00556
183.7000	-0.00556
183.8000	-0.00556
183.9000	-0.00556
184.0000	-0.00556
184.1000	-0.00556
184.2000	-0.00556
184.3000	-0.00556
184.4000	-0.00556
184.5000	-0.00556
184.6000	-0.00556
184.7000	-0.00556
184.8000	-0.00556
184.9000	-0.00556
185.0000	-0.00556
185.1000	-0.00562
185.2000	-0.00562
185.3000	-0.00562
185.4000	-0.00562
185.5000	-0.00562
185.6000	-0.00562
185.7000	-0.00562
185.8000	-0.00562
185.9000	-0.00562
186.0000	-0.00562
186.1000	-0.00562
186.2000	-0.00562
186.3000	-0.00562
186.4000	-0.00562
186.5000	-0.00562
186.6000	-0.00562
186.7000	-0.00562
186.8000	-0.00562
186.9000	-0.00562
187.0000	-0.00569
187.1000	-0.00569
187.2000	-0.00569
187.3000	-0.00569
187.4000	-0.00569
187.5000	-0.00569
187.6000	-0.00569
187.7000	-0.00569
187.8000	-0.00569
187.9000	-0.00569
188.0000	-0.00569
188.1000	-0.00569
188.2000	-0.00569
188.3000	-0.00569
188.4000	-0.00569
188.5000	-0.00569
188.6000	-0.00569
188.7000	-0.00569
188.8000	-0.00569
188.9000	-0.00569
189.0000	-0.00569
189.1000	-0.00569
189.2000	-0.00569
189.3000	-0.00575
189.4000	-0.00575
189.5000	-0.00575
189.6000	-0.00575
189.7000	-0.00575
189.8000	-0.00575
189.9000	-0.00575
190.0000	-0.00575
190.1000	-0.00575
190.2000	-0.00575
190.3000	-0.00575
190.4000	-0.00575
190.5000	-0.00575
190.6000	-0.00575
190.7000	-0.00575
190.8000	-0.00575
190.9000	-0.00575
191.0000	-0.00575
191.1000	-0.00575
191.2000	-0.00575
191.3000	-0.00575
191.4000	-0.00575
191.5000	-0.00581
191.6000	-0.00581
191.7000	-0.00581
191.8000	-0.00581
191.9000	-0.00581
192.0000	-0.00581
192.1000	-0.00581
192.2000	-0.00581
192.3000	-0.00581
192.4000	-0.00581
192.5000	-0.00581
192.6000	-0.00581
192.7000	-0.00581
192.8000	-0.00581
192.9000	-0.00581
193.0000	-0.00581
193.1000	-0.00581
193.2000	-0.00581
193.3000	-0.00581
193.4000	-0.00587
193.5000	-0.00587
193.6000	-0.00587
193.7000	-0.00587
193.8000	-0.00587
193.9000	-0.00587
194.0000	-0.00587
194.1000	-0.00587
194.2000	-0.00587
194.3000	-0.00587
194.4000	-0.00587
194.5000	-0.00587
194.6000	-0.00587
194.7000	-0.00587
194.8000	-0.00587
194.9000	-0.00587
195.0000	-0.00587
195.1000	-0.00587
195.2000	-0.00587
195.3000	-0.00594
195.4000	-0.00594
195.5000	-0.00594
195.6000	-0.00594
195.7000	-0.00594
195.8000	-0.00594
195.9000	-0.00594
196.0000	-0.00594
196.1000	-0.00594
196.2000	-0.00594
196.3000	-0.00594
196.4000	-0.00594
196.5000	-0.00594
196.6000	-0.00594
196.7000	-0.00594
196.8000	-0.00594
196.9000	-0.00594
197.0000	-0.00594
197.1000	-0.00594
197.2000	-0.00594
197.3000	-0.00594
197.4000	-0.00594
197.5000	-0.00594
197.6000	-0.00600
197.7000	-0.00600
197.8000	-0.00600
197.9000	-0.00600
198.0000	-0.00600
198.1000	-0.00600
198.2000	-0.00600
198.3000	-0.00600
198.4000	-0.00600
198.5000	-0.00600
198.6000	-0.00600
198.7000	-0.00600
198.8000	-0.00600
198.9000	-0.00600
199.0000	-0.00600
199.1000	-0.00600
199.2000	-0.00600
199.3000	-0.00600
199.4000	-0.00600
199.5000	-0.00600
199.6000	-0.00600
199.7000	-0.00606
199.8000	-0.00606
199.9000	-0.00606
200.0000	-0.00606
200.1000	-0.00606
200.2000	-0.00606
200.3000	-0.00606
200.4000	-0.00606
200.5000	-0.00606
200.6000	-0.00606
200.7000	-0.00606
200.8000	-0.00606
200.9000	-0.00606
201.0000	-0.00606
201.1000	-0.00606
201.2000	-0.00606
201.3000	-0.00606
201.4000	-0.00606
201.5000	-0.00606
201.6000	-0.00606
201.7000	-0.00612
201.8000	-0.00612
201.9000	-0.00612
202.0000	-0.00612
202.1000	-0.00612
202.2000	-0.00612
202.3000	-0.00612
202.4000	-0.00612
202.5000	-0.00612
202.6000	-0.00612
202.7000	-0.00612
202.8000	-0.00612
202.9000	-0.00612
203.0000	-0.00612
203.1000	-0.00612
203.2000	-0.00612
203.3000	-0.00612
203.4000	-0.00612
203.5000	-0.00612
203.6000	-0.00612
203.7000	-0.00619
203.8000	-0.00619
203.9000	-0.00619
204.0000	-0.00619
204.1000	-0.00619
204.2000	-0.00619
204.3000	-0.00619
204.4000	-0.00619
204.5000	-0.00619
204.6000	-0.00619
204.7000	-0.00619
204.8000	-0.00619
204.9000	-0.00619
205.0000	-0.00619
205.1000	-0.00619
205.2000	-0.00619
205.3000	-0.00619
205.4000	-0.00625
205.5000	-0.00625
205.6000	-0.00625
205.7000	-0.00625
205.8000	-0.00625
205.9000	-0.00625
206.0000	-0.00625
206.1000	-0.00625
206.2000	-0.00625
206.3000	-0.00625
206.4000	-0.00625
206.5000	-0.00625
206.6000	-0.00625
206.7000	-0.00625
206.8000	-0.00625
206.9000	-0.00625
207.0000	-0.00625
207.1000	-0.00625
207.2000	-0.00625
207.3000	-0.00625
207.4000	-0.00625
207.5000	-0.00631
207.6000	-0.00631
207.7000	-0.00631
207.8000	-0.00631
207.9000	-0.00631
208.0000	-0.00631
208.1000	-0.00631
208.2000	-0.00631
208.3000	-0.00631
208.4000	-0.00631
208.5000	-0.00631
208.6000	-0.00631
208.7000	-0.00631
208.8000	-0.00631
208.9000	-0.00631
209.0000	-0.00631
209.1000	-0.00631
209.2000	-0.00631
209.3000	-0.00631
209.4000	-0.00631
209.5000	-0.00631
209.6000	-0.00637
209.7000	-0.00637
209.8000	-0.00637
209.9000	-0.00637
210.0000	-0.00637
210.1000	-0.00637
210.2000	-0.00637
210.3000	-0.00637
210.4000	-0.00637
210.5000	-0.00637
210.6000	-0.00637
210.7000	-0.00637
210.8000	-0.00637
210.9000	-0.00637
211.0000	-0.00637
211.1000	-0.00637
211.2000	-0.00637
211.3000	-0.00637
211.4000	-0.00637
211.5000	-0.00637
211.6000	-0.00644
211.7000	-0.00644
211.8000	-0.00644
211.9000	-0.00644
212.0000	-0.00644
212.1000	-0.00644
212.2000	-0.00644
212.3000	-0.00644
212.4000	-0.00644
212.5000	-0.00644
212.6000	-0.00644
212.7000	-0.00644
212.8000	-0.00644
212.9000	-0.00644
213.0000	-0.00644
213.1000	-0.00644
213.2000	-0.00644
213.3000	-0.00644
213.4000	-0.00644
213.5000	-0.00644
213.6000	-0.00644
213.7000	-0.00644
213.8000	-0.00644
213.9000	-0.00650
214.0000	-0.00650
214.1000	-0.00650
214.2000	-0.00650
214.3000	-0.00650
214.4000	-0.00650
214.5000	-0.00650
214.6000	-0.00650
214.7000	-0.00650
214.8000	-0.00650
214.9000	-0.00650
215.0000	-0.00650
215.1000	-0.00650
215.2000	-0.00650
215.3000	-0.00650
215.4000	-0.00650
215.5000	-0.00650
215.6000	-0.00650
215.7000	-0.00650
215.8000	-0.00650
215.9000	-0.00656
216.0000	-0.00656
216.1000	-0.00656
216.2000	-0.00656
216.3000	-0.00656
216.4000	-0.00656
216.5000	-0.00656
216.6000	-0.00656
216.7000	-0.00656
216.8000	-0.00656
216.9000	-0.00656
217.0000	-0.00656
217.1000	-0.00656
217.2000	-0.00656
217.3000	-0.00656
217.4000	-0.00656
217.5000	-0.00656
217.6000	-0.00656
217.7000	-0.00656
217.8000	-0.00656
217.9000	-0.00663
218.0000	-0.00663
218.1000	-0.00663
218.2000	-0.00663
218.3000	-0.00663
218.4000	-0.00663
218.5000	-0.00663
218.6000	-0.00663
218.7000	-0.00663
218.8000	-0.00663
218.9000	-0.00663
219.0000	-0.00663
219.1000	-0.00663
219.2000	-0.00663
219.3000	-0.00663
219.4000	-0.00663
219.5000	-0.00663
219.6000	-0.00663
219.7000	-0.00663
219.8000	-0.00663
219.9000	-0.00669
220.0000	-0.00669
220.1000	-0.00669
220.2000	-0.00669
220.3000	-0.00669
220.4000	-0.00669
220.5000	-0.00669
220.6000	-0.00669
220.7000	-0.00669
220.8000	-0.00669
220.9000	-0.00669
221.0000	-0.00669
221.1000	-0.00669
221.2000	-0.00669
221.3000	-0.00669
221.4000	-0.00669
221.5000	-0.00669
221.6000	-0.00669
221.7000	-0.00669
221.8000	-0.00669
221.9000	-0.00669
222.0000	-0.00669
222.1000	-0.00675
222.2000	-0.00675
222.3000	-0.00675
222.4000	-0.00675
222.5000	-0.00675
222.6000	-0.00675
222.7000	-0.00675
222.8000	-0.00675
222.9000	-0.00675
223.0000	-0.00675
223.1000	-0.00675
223.2000	-0.00675
223.3000	-0.00675
223.4000	-0.00675
223.5000	-0.00675
223.6000	-0.00675
223.7000	-0.00675
223.8000	-0.00675
223.9000	-0.00675
224.0000	-0.00675
224.1000	-0.00681
224.2000	-0.00681
224.3000	-0.00681
224.4000	-0.00681
224.5000	-0.00681
224.6000	-0.00681
224.7000	-0.00681
224.8000	-0.00681
224.9000	-0.00681
225.0000	-0.00681
225.1000	-0.00681
225.2000	-0.00681
225.3000	-0.00681
225.4000	-0.00681
225.5000	-0.00681
225.6000	-0.00681
225.7000	-0.00681
225.8000	-0.00681
225.9000	-0.00681
226.0000	-0.00681
226.1000	-0.00681
226.2000	-0.00687
226.3000	-0.00687
226.4000	-0.00687
226.5000	-0.00687
226.6000	-0.00687
226.7000	-0.00687
226.8000	-0.00687
226.9000	-0.00687
227.0000	-0.00687
227.1000	-0.00687
227.2000	-0.00687
227.3000	-0.00687
227.4000	-0.00687
227.5000	-0.00687
227.6000	-0.00687
227.7000	-0.00687
227.8000	-0.00687
227.9000	-0.00687
228.0000	-0.00687
228.1000	-0.00687
228.2000	-0.00694
228.3000	-0.00694
228.4000	-0.00694
228.5000	-0.00694
228.6000	-0.00694
228.7000	-0.00694
228.8000	-0.00694
228.9000	-0.00694
229.0000	-0.00694
229.1000	-0.00694
229.2000	-0.00694
229.3000	-0.00694
229.4000	-0.00694
229.5000	-0.00694
229.6000	-0.00694
229.7000	-0.00694
229.8000	-0.00694
229.9000	-0.00694
230.0000	-0.00694
230.1000	-0.00694
230.2000	-0.00700
230.3000	-0.00700
230.4000	-0.00700
230.5000	-0.00700
230.6000	-0.00700
230.7000	-0.00700
230.8000	-0.00700
230.9000	-0.00700
231.0000	-0.00700
231.1000	-0.00700
231.2000	-0.00700
231.3000	-0.00700
231.4000	-0.00700
231.5000	-0.00700
231.6000	-0.00700
231.7000	-0.00700
231.8000	-0.00700
231.9000	-0.00700
232.0000	-0.00700
232.1000	-0.00706
232.2000	-0.00706
232.3000	-0.00706
232.4000	-0.00706
232.5000	-0.00706
232.6000	-0.00706
232.7000	-0.00706
232.8000	-0.00706
232.9000	-0.00706
233.0000	-0.00706
233.1000	-0.00706
233.2000	-0.00706
233.3000	-0.00706
233.4000	-0.00706
233.5000	-0.00706
233.6000	-0.00706
233.7000	-0.00706
233.8000	-0.00706
233.9000	-0.00706
234.0000	-0.00706
234.1000	-0.00713
234.2000	-0.00713
234.3000	-0.00713
234.4000	-0.00713
234.5000	-0.00713
234.6000	-0.00713
234.7000	-0.00713
234.8000	-0.00713
234.9000	-0.00713
235.0000	-0.00713
235.1000	-0.00713
235.2000	-0.00713
235.3000	-0.00713
235.4000	-0.00713
235.5000	-0.00713
235.6000	-0.00713
235.7000	-0.00713
235.8000	-0.00713
235.9000	-0.00713
236.0000	-0.00713
236.1000	-0.00719
236.2000	-0.00719
236.3000	-0.00719
236.4000	-0.00719
236.5000	-0.00719
236.6000	-0.00719
236.7000	-0.00719
236.8000	-0.00719
236.9000	-0.00719
237.0000	-0.00719
237.1000	-0.00719
237.2000	-0.00719
237.3000	-0.00719
237.4000	-0.00719
237.5000	-0.00719
237.6000	-0.00719
237.7000	-0.00719
237.8000	-0.00719
237.9000	-0.00719
238.0000	-0.00719
238.1000	-0.00719
238.2000	-0.00725
238.3000	-0.00725
238.4000	-0.00725
238.5000	-0.00725
238.6000	-0.00725
238.7000	-0.00725
238.8000	-0.00725
238.9000	-0.00725
239.0000	-0.00725
239.1000	-0.00725
239.2000	-0.00725
239.3000	-0.00725
239.4000	-0.00725
239.5000	-0.00725
239.6000	-0.00725
239.7000	-0.00725
239.8000	-0.00725
239.9000	-0.00725
240.0000	-0.00725
240.1000	-0.00731
240.2000	-0.00731
240.3000	-0.00731
240.4000	-0.00731
240.5000	-0.00731
240.6000	-0.00731
240.7000	-0.00731
240.8000	-0.00731
240.9000	-0.00731
241.0000	-0.00731
241.1000	-0.00731
241.2000	-0.00731
241.3000	-0.00731
241.4000	-0.00731
241.5000	-0.00731
241.6000	-0.00731
241.7000	-0.00731
241.8000	-0.00731
241.9000	-0.00731
242.0000	-0.00731
242.1000	-0.00731
242.2000	-0.00737
242.3000	-0.00737
242.4000	-0.00737
242.5000	-0.00737
242.6000	-0.00737
242.7000	-0.00737
242.8000	-0.00737
242.9000	-0.00737
243.0000	-0.00737
243.1000	-0.00737
243.2000	-0.00737
243.3000	-0.00737
243.4000	-0.00737
243.5000	-0.00737
243.6000	-0.00737
243.7000	-0.00737
243.8000	-0.00737
243.9000	-0.00737
244.0000	-0.00737
244.1000	-0.00744
244.2000	-0.00744
244.3000	-0.00744
244.4000	-0.00744
244.5000	-0.00744
244.6000	-0.00744
244.7000	-0.00744
244.8000	-0.00744
244.9000	-0.00744
245.0000	-0.00744
245.1000	-0.00744
245.2000	-0.00744
245.3000	-0.00744
245.4000	-0.00744
245.5000	-0.00744
245.6000	-0.00744
245.7000	-0.00744
245.8000	-0.00744
245.9000	-0.00744
246.0000	-0.00744
246.1000	-0.00744
246.2000	-0.00750
246.3000	-0.00750
246.4000	-0.00750
246.5000	-0.00750
246.6000	-0.00750
246.7000	-0.00750
246.8000	-0.00750
246.9000	-0.00750
247.0000	-0.00750
247.1000	-0.00750
247.2000	-0.00750
247.3000	-0.00750
247.4000	-0.00750
247.5000	-0.00750
247.6000	-0.00750
247.7000	-0.00750
247.8000	-0.00750
247.9000	-0.00750
248.0000	-0.00750
248.1000	-0.00756
248.2000	-0.00756
248.3000	-0.00756
248.4000	-0.00756
248.5000	-0.00756
248.6000	-0.00756
248.7000	-0.00756
248.8000	-0.00756
248.9000	-0.00756
249.0000	-0.00756
249.1000	-0.00756
249.2000	-0.00756
249.3000	-0.00756
249.4000	-0.00756
249.5000	-0.00756
249.6000	-0.00756
249.7000	-0.00756
249.8000	-0.00756
249.9000	-0.00756
250.0000	-0.00756
250.1000	-0.00756
250.2000	-0.00756
250.3000	-0.00756
250.4000	-0.00763
250.5000	-0.00763
250.6000	-0.00763
250.7000	-0.00763
250.8000	-0.00763
250.9000	-0.00763
251.0000	-0.00763
251.1000	-0.00763
251.2000	-0.00763
251.3000	-0.00763
251.4000	-0.00763
251.5000	-0.00763
251.6000	-0.00763
251.7000	-0.00763
251.8000	-0.00763
251.9000	-0.00763
252.0000	-0.00763
252.1000	-0.00763
252.2000	-0.00763
252.3000	-0.00769
252.4000	-0.00769
252.5000	-0.00769
252.6000	-0.00769
252.7000	-0.00769
252.8000	-0.00769
252.9000	-0.00769
253.0000	-0.00769
253.1000	-0.00769
253.2000	-0.00769
253.3000	-0.00769
253.4000	-0.00769
253.5000	-0.00769
253.6000	-0.00769
253.7000	-0.00769
253.8000	-0.00769
253.9000	-0.00769
254.0000	-0.00769
254.1000	-0.00769
254.2000	-0.00769
254.3000	-0.00775
254.4000	-0.00775
254.5000	-0.00775
254.6000	-0.00775
254.7000	-0.00775
254.8000	-0.00775
254.9000	-0.00775
255.0000	-0.00775
255.1000	-0.00775
255.2000	-0.00775
255.3000	-0.00775
255.4000	-0.00775
255.5000	-0.00775
255.6000	-0.00775
255.7000	-0.00775
255.8000	-0.00775
255.9000	-0.00775
256.0000	-0.00775
256.1000	-0.00775
256.2000	-0.00775
256.3000	-0.00781
256.4000	-0.00781
256.5000	-0.00781
256.6000	-0.00781
256.7000	-0.00781
256.8000	-0.00781
256.9000	-0.00781
257.0000	-0.00781
257.1000	-0.00781
257.2000	-0.00781
257.3000	-0.00781
257.4000	-0.00781
257.5000	-0.00781
257.6000	-0.00781
257.7000	-0.00781
257.8000	-0.00781
257.9000	-0.00781
258.0000	-0.00781
258.1000	-0.00781
258.2000	-0.00781
258.3000	-0.00787
258.4000	-0.00787
258.5000	-0.00787
258.6000	-0.00787
258.7000	-0.00787
258.8000	-0.00787
258.9000	-0.00787
259.0000	-0.00787
259.1000	-0.00787
259.2000	-0.00787
259.3000	-0.00787
259.4000	-0.00787
259.5000	-0.00787
259.6000	-0.00787
259.7000	-0.00787
259.8000	-0.00787
259.9000	-0.00787
260.0000	-0.00787
260.1000	-0.00787
260.2000	-0.00794
260.3000	-0.00794
260.4000	-0.00794
260.5000	-0.00794
260.6000	-0.00794
260.7000	-0.00794
260.8000	-0.00794
260.9000	-0.00794
261.0000	-0.00794
261.1000	-0.00794
261.2000	-0.00794
261.3000	-0.00794
261.4000	-0.00794
261.5000	-0.00794
261.6000	-0.00794
261.7000	-0.00794
261.8000	-0.00794
261.9000	-0.00794
262.0000	-0.00794
262.1000	-0.00794
262.2000	-0.00794
262.3000	-0.00794
262.4000	-0.00794
262.5000	-0.00800
262.6000	-0.00800
262.7000	-0.00800
262.8000	-0.00800
262.9000	-0.00800
263.0000	-0.00800
263.1000	-0.00800
263.2000	-0.00800
263.3000	-0.00800
263.4000	-0.00800
263.5000	-0.00800
263.6000	-0.00800
263.7000	-0.00800
263.8000	-0.00800
263.9000	-0.00800
264.0000	-0.00800
264.1000	-0.00800
264.2000	-0.00800
264.3000	-0.00806
264.4000	-0.00806
264.5000	-0.00806
264.6000	-0.00806
264.7000	-0.00806
264.8000	-0.00806
264.9000	-0.00806
265.0000	-0.00806
265.1000	-0.00806
265.2000	-0.00806
265.3000	-0.00806
265.4000	-0.00806
265.5000	-0.00806
265.6000	-0.00806
265.7000	-0.00806
265.8000	-0.00806
265.9000	-0.00806
266.0000	-0.00806
266.1000	-0.00806
266.2000	-0.00806
266.3000	-0.00806
266.4000	-0.00813
266.5000	-0.00813
266.6000	-0.00813
266.7000	-0.00813
266.8000	-0.00813
266.9000	-0.00813
267.0000	-0.00813
267.1000	-0.00813
267.2000	-0.00813
267.3000	-0.00813
267.4000	-0.00813
267.5000	-0.00813
267.6000	-0.00813
267.7000	-0.00813
267.8000	-0.00813
267.9000	-0.00813
268.0000	-0.00813
268.1000	-0.00813
268.2000	-0.00813
268.3000	-0.00813
268.4000	-0.00819
268.5000	-0.00819
268.6000	-0.00819
268.7000	-0.00819
268.8000	-0.00819
268.9000	-0.00819
269.0000	-0.00819
269.1000	-0.00819
269.2000	-0.00819
269.3000	-0.00819
269.4000	-0.00819
269.5000	-0.00819
269.6000	-0.00819
269.7000	-0.00819
269.8000	-0.00819
269.9000	-0.00819
270.0000	-0.00819
270.1000	-0.00819
270.2000	-0.00819
270.3000	-0.00819
270.4000	-0.00819
270.5000	-0.00825
270.6000	-0.00825
270.7000	-0.00825
270.8000	-0.00825
270.9000	-0.00825
271.0000	-0.00825
271.1000	-0.00825
271.2000	-0.00825
271.3000	-0.00825
271.4000	-0.00825
271.5000	-0.00825
271.6000	-0.00825
271.7000	-0.00825
271.8000	-0.00825
271.9000	-0.00825
272.0000	-0.00825
272.1000	-0.00825
272.2000	-0.00825
272.3000	-0.00825
272.4000	-0.00825
272.5000	-0.00831
272.6000	-0.00831
272.7000	-0.00831
272.8000	-0.00831
272.9000	-0.00831
273.0000	-0.00831
273.1000	-0.00831
273.2000	-0.00831
273.3000	-0.00831
273.4000	-0.00831
273.5000	-0.00831
273.6000	-0.00831
273.7000	-0.00831
273.8000	-0.00831
273.9000	-0.00831
274.0000	-0.00831
274.1000	-0.00831
