Pressione, Can A, Raccolta #3
Tempo ( s )	Pressione ( kPa )
0,0000	-0,01465
0,1000	-0,01465
0,2000	-0,01465
0,3000	-0,01465
0,4000	-0,00977
0,5000	-0,00977
0,6000	-0,01465
0,7000	-0,00977
0,8000	0,00000
0,9000	-0,01465
1,0000	-0,01465
1,1000	-0,00977
1,2000	-0,01465
1,3000	-0,00977
1,4000	-0,01465
1,5000	-0,01465
1,6000	-0,01465
1,7000	-0,00977
1,8000	-0,01465
1,9000	-0,01465
2,0000	-0,01465
2,1000	-0,01465
2,2000	-0,01465
2,3000	-0,01465
2,4000	-0,01465
2,5000	-0,01953
2,6000	-0,01465
2,7000	-0,01465
2,8000	-0,01465
2,9000	-0,01465
3,0000	-0,01465
3,1000	-0,01953
3,2000	-0,01465
3,3000	-0,01953
3,4000	-0,01465
3,5000	-0,01953
3,6000	-0,01465
3,7000	-0,01953
3,8000	-0,01465
3,9000	-0,01953
4,0000	-0,01953
4,1000	-0,01953
4,2000	-0,01953
4,3000	-0,02441
4,4000	-0,01953
4,5000	-0,01953
4,6000	-0,02441
4,7000	-0,02930
4,8000	-0,01953
4,9000	-0,01953
5,0000	-0,02441
5,1000	0,00000
5,2000	0,03906
5,3000	0,15625
5,4000	0,31739
5,5000	0,47853
5,6000	0,68850
5,7000	0,89846
5,8000	1,17679
5,9000	1,19144
6,0000	1,19144
6,1000	1,17679
6,2000	1,17191
6,3000	1,16214
6,4000	1,15726
6,5000	1,14750
6,6000	1,13773
6,7000	1,13285
6,8000	1,13285
6,9000	1,12308
7,0000	1,11820
7,1000	1,11332
7,2000	1,10843
7,3000	1,10355
7,4000	1,09867
7,5000	1,09378
7,6000	1,09378
7,7000	1,09378
7,8000	1,07913
7,9000	1,08402
8,0000	1,07913
8,1000	1,07425
8,2000	1,06937
8,3000	1,06449
8,4000	1,06449
8,5000	1,05960
8,6000	1,05960
8,7000	1,05472
8,8000	1,05472
8,9000	1,04984
9,0000	1,04984
9,1000	1,04495
9,2000	1,04495
9,3000	1,04007
9,4000	1,04007
9,5000	1,03519
9,6000	1,03519
9,7000	1,03030
9,8000	1,03030
9,9000	1,02542
10,0000	1,02542
10,1000	1,02542
10,2000	1,02054
10,3000	1,01566
10,4000	1,01566
10,5000	1,01566
10,6000	1,01077
10,7000	1,01566
10,8000	1,00101
10,9000	1,00589
11,0000	1,00101
11,1000	0,99612
11,2000	0,99612
11,3000	0,99612
11,4000	0,99612
11,5000	0,99124
11,6000	0,99124
11,7000	0,98636
11,8000	0,98636
11,9000	0,98636
12,0000	0,98148
12,1000	0,97659
12,2000	0,97659
12,3000	0,97659
12,4000	0,97171
12,5000	0,96683
12,6000	0,97171
12,7000	0,97659
12,8000	0,97659
12,9000	0,97659
13,0000	0,97659
13,1000	0,97171
13,2000	0,96683
13,3000	0,96683
13,4000	0,96683
13,5000	0,96683
13,6000	0,96194
13,7000	0,96194
13,8000	0,96194
13,9000	0,96194
14,0000	0,95706
14,1000	0,95706
14,2000	0,95706
14,3000	0,95706
14,4000	0,95706
14,5000	0,94729
14,6000	0,95218
14,7000	0,94729
14,8000	0,95706
14,9000	0,94729
15,0000	0,95218
15,1000	0,94729
15,2000	0,94729
15,3000	0,94729
15,4000	0,94729
15,5000	0,94729
15,6000	0,94729
15,7000	0,94241
15,8000	0,94241
15,9000	0,94729
16,0000	0,94729
16,1000	0,94241
16,2000	0,94241
16,3000	0,94729
16,4000	0,94241
16,5000	0,93753
16,6000	0,93753
16,7000	0,93753
16,8000	0,93753
16,9000	0,93753
17,0000	0,93753
17,1000	0,93753
17,2000	0,94241
17,3000	0,93753
17,4000	0,93753
17,5000	0,93753
17,6000	0,93753
17,7000	0,93753
17,8000	0,93753
17,9000	0,93753
18,0000	0,93753
18,1000	0,93753
18,2000	0,93753
18,3000	0,93753
18,4000	0,93753
18,5000	0,93753
18,6000	0,93753
18,7000	0,93753
18,8000	0,93753
18,9000	0,93753
19,0000	0,92776
19,1000	0,93753
19,2000	0,93753
19,3000	0,92776
19,4000	0,92776
19,5000	0,93753
19,6000	0,92776
19,7000	0,92776
19,8000	0,92776
19,9000	0,92776
20,0000	0,92776
20,1000	0,92776
20,2000	0,92776
20,3000	0,92776
20,4000	0,92776
20,5000	0,92776
20,6000	0,92288
20,7000	0,92776
20,8000	0,92288
20,9000	0,92288
21,0000	0,92288
21,1000	0,92288
21,2000	0,92288
21,3000	0,91800
21,4000	0,92288
21,5000	0,91800
21,6000	0,92288
21,7000	0,91800
21,8000	0,92288
21,9000	0,91800
22,0000	0,91800
22,1000	0,91800
22,2000	0,91800
22,3000	0,91800
22,4000	0,91800
22,5000	0,91800
22,6000	0,91800
22,7000	0,91311
22,8000	0,91800
22,9000	0,91800
23,0000	0,91800
23,1000	0,91800
23,2000	0,91800
23,3000	0,91800
23,4000	0,91800
23,5000	0,91311
23,6000	0,91800
23,7000	0,91800
23,8000	0,91311
23,9000	0,91311
24,0000	0,91800
24,1000	0,91800
24,2000	0,91800
24,3000	0,91311
24,4000	0,91800
24,5000	0,91800
24,6000	0,91800
24,7000	0,91311
24,8000	0,91800
24,9000	0,90823
25,0000	0,91311
25,1000	0,90823
25,2000	0,91311
25,3000	0,91311
25,4000	0,91311
25,5000	0,91311
25,6000	0,91311
25,7000	0,90823
25,8000	0,91311
25,9000	0,90823
26,0000	0,91311
26,1000	0,90823
26,2000	0,91800
26,3000	0,90823
26,4000	0,91311
26,5000	0,90823
26,6000	0,90823
26,7000	0,90823
26,8000	0,91311
26,9000	0,90823
27,0000	0,91800
27,1000	0,90823
27,2000	0,90823
27,3000	0,90823
27,4000	0,90823
27,5000	0,90823
27,6000	0,91311
27,7000	0,90823
27,8000	0,90823
27,9000	0,90823
28,0000	0,90823
28,1000	0,90823
28,2000	0,90823
28,3000	0,90823
28,4000	0,90335
28,5000	0,90823
28,6000	0,90823
28,7000	0,90823
28,8000	0,90823
28,9000	0,90823
29,0000	0,90823
29,1000	0,90823
29,2000	0,90823
29,3000	0,90823
29,4000	0,90335
29,5000	0,90823
29,6000	0,90823
29,7000	0,90823
29,8000	0,90823
29,9000	0,90823
30,0000	0,90823
30,1000	0,90823
30,2000	0,90823
30,3000	0,90823
30,4000	0,90823
30,5000	0,90823
30,6000	0,90823
30,7000	0,90823
30,8000	0,90823
30,9000	0,90823
31,0000	0,90335
31,1000	0,90823
31,2000	0,90823
31,3000	0,90823
31,4000	0,90823
31,5000	0,90823
31,6000	0,90823
31,7000	0,90823
31,8000	0,90823
31,9000	0,90823
32,0000	0,90335
32,1000	0,90335
32,2000	0,90823
32,3000	0,90335
32,4000	0,90823
32,5000	0,90823
32,6000	0,90823
32,7000	0,90823
32,8000	0,90823
32,9000	0,90335
33,0000	0,90823
33,1000	0,90823
33,2000	0,90823
33,3000	0,90823
33,4000	0,90335
33,5000	0,90335
33,6000	0,90335
33,7000	0,90823
33,8000	0,90335
33,9000	0,90823
34,0000	0,90335
34,1000	0,89846
34,2000	0,90335
34,3000	0,90823
34,4000	0,90335
34,5000	0,90823
34,6000	0,90823
34,7000	0,90823
34,8000	0,90335
34,9000	0,90335
35,0000	0,90335
35,1000	0,90335
35,2000	0,90335
35,3000	0,90823
35,4000	0,90335
35,5000	0,89846
35,6000	0,90335
35,7000	0,89846
35,8000	0,90335
35,9000	0,90335
36,0000	0,90335
36,1000	0,89846
36,2000	0,90335
36,3000	0,90335
36,4000	0,90335
36,5000	0,90335
36,6000	0,90335
36,7000	0,89846
36,8000	0,90335
36,9000	0,89846
37,0000	0,90335
37,1000	0,89846
37,2000	0,90335
37,3000	0,89846
37,4000	0,90335
37,5000	0,90335
37,6000	0,90335
37,7000	0,89846
37,8000	0,90335
37,9000	0,89846
38,0000	0,90335
38,1000	0,90335
38,2000	0,90335
38,3000	0,89846
38,4000	0,90335
38,5000	0,89846
38,6000	0,89846
38,7000	0,89846
38,8000	0,90335
38,9000	0,89846
39,0000	0,90335
39,1000	0,89846
39,2000	0,90335
39,3000	0,89846
39,4000	0,90335
39,5000	0,89846
39,6000	0,90335
39,7000	0,89846
39,8000	0,90335
39,9000	0,89846
40,0000	0,89846
40,1000	0,89846
40,2000	0,90335
40,3000	0,90335
40,4000	0,90335
40,5000	0,89846
40,6000	0,89846
40,7000	0,89846
40,8000	0,90335
40,9000	0,89846
41,0000	0,89846
41,1000	0,89846
41,2000	0,89846
41,3000	0,89846
41,4000	0,90335
41,5000	0,89846
41,6000	0,90335
41,7000	0,89846
41,8000	0,89846
41,9000	0,89846
42,0000	0,90335
42,1000	0,89846
42,2000	0,89846
42,3000	0,89846
42,4000	0,90335
42,5000	0,89846
42,6000	0,90335
42,7000	0,89846
42,8000	0,90335
42,9000	0,89846
43,0000	0,90335
43,1000	0,89846
43,2000	0,89846
43,3000	0,89846
43,4000	0,89846
43,5000	0,89846
43,6000	0,89846
43,7000	0,89846
43,8000	0,89846
43,9000	0,89846
44,0000	0,89846
44,1000	0,88870
44,2000	0,89846
44,3000	0,89358
44,4000	0,89846
44,5000	0,89358
44,6000	0,89846
44,7000	0,88870
44,8000	0,88870
44,9000	0,89358
45,0000	0,89358
45,1000	0,88870
45,2000	0,88870
45,3000	0,88870
45,4000	0,89358
45,5000	0,88870
45,6000	0,89358
45,7000	0,88870
45,8000	0,89846
45,9000	0,88870
46,0000	0,88870
46,1000	0,88870
46,2000	0,89358
46,3000	0,88870
46,4000	0,88870
46,5000	0,88870
46,6000	0,88870
46,7000	0,88870
46,8000	0,88870
46,9000	0,88870
47,0000	0,88870
47,1000	0,88870
47,2000	0,89358
47,3000	0,88870
47,4000	0,89846
47,5000	0,88870
47,6000	0,89358
47,7000	0,89846
47,8000	0,89358
47,9000	0,89358
48,0000	0,89846
48,1000	0,89846
48,2000	0,89846
48,3000	0,89358
48,4000	0,89358
48,5000	0,88870
48,6000	0,89846
48,7000	0,89358
48,8000	0,89846
48,9000	0,89358
49,0000	0,89846
49,1000	0,88870
49,2000	0,89846
49,3000	0,89846
49,4000	0,89846
49,5000	0,88870
49,6000	0,89358
49,7000	0,89846
49,8000	0,89846
49,9000	0,89846
50,0000	0,89846
50,1000	0,88870
50,2000	0,89358
50,3000	0,88870
50,4000	0,89846
50,5000	0,89358
50,6000	0,89358
50,7000	0,88870
50,8000	0,89846
50,9000	0,89846
51,0000	0,89846
51,1000	0,88870
51,2000	0,89358
51,3000	0,88870
51,4000	0,89358
51,5000	0,88870
51,6000	0,89846
51,7000	0,88870
51,8000	0,89358
51,9000	0,88870
52,0000	0,89846
52,1000	0,89846
52,2000	0,89358
52,3000	0,89358
52,4000	0,89846
52,5000	0,89846
52,6000	0,89846
52,7000	0,88870
52,8000	0,88870
52,9000	0,88870
53,0000	0,89846
53,1000	0,88870
53,2000	0,89846
53,3000	0,89846
53,4000	0,89846
53,5000	0,89846
53,6000	0,89846
53,7000	0,89846
53,8000	0,89846
53,9000	0,89846
54,0000	0,89846
54,1000	0,89358
54,2000	0,89846
54,3000	0,89846
54,4000	0,89846
54,5000	0,89846
54,6000	0,89358
54,7000	0,89358
54,8000	0,89358
54,9000	0,89846
55,0000	0,89846
55,1000	0,89846
55,2000	0,89846
55,3000	0,88870
55,4000	0,89846
55,5000	0,88870
55,6000	0,89846
55,7000	0,89846
55,8000	0,89846
55,9000	0,88870
56,0000	0,89358
56,1000	0,88870
56,2000	0,89846
56,3000	0,88870
56,4000	0,88870
56,5000	0,88870
56,6000	0,89846
56,7000	0,93753
56,8000	1,08890
56,9000	1,32817
57,0000	1,64068
57,1000	2,00201
57,2000	2,20710
57,3000	2,20222
57,4000	2,19733
57,5000	2,18757
57,6000	2,18757
57,7000	2,17780
57,8000	2,16803
57,9000	2,15827
58,0000	2,14850
58,1000	2,13874
58,2000	2,12409
58,3000	2,10944
58,4000	2,09967
58,5000	2,08991
58,6000	2,08502
58,7000	2,08014
58,8000	2,07526
58,9000	2,07038
59,0000	2,06061
59,1000	2,06061
59,2000	2,05573
59,3000	2,05084
59,4000	2,05084
59,5000	2,04108
59,6000	2,03619
59,7000	2,03619
59,8000	2,03131
59,9000	2,03131
60,0000	2,02155
60,1000	2,02155
60,2000	2,01666
60,3000	2,01178
60,4000	2,01178
60,5000	2,00201
60,6000	2,00201
60,7000	2,00201
60,8000	2,00201
60,9000	1,99225
61,0000	1,99225
61,1000	1,99225
61,2000	1,99225
61,3000	1,98248
61,4000	1,98737
61,5000	1,98248
61,6000	1,97760
61,7000	1,98248
61,8000	1,97760
61,9000	1,97272
62,0000	1,96783
62,1000	1,97272
62,2000	1,97272
62,3000	1,96783
62,4000	1,96295
62,5000	1,96295
62,6000	1,95807
62,7000	1,95807
62,8000	1,95807
62,9000	1,95318
63,0000	1,95807
63,1000	1,95318
63,2000	1,95318
63,3000	1,95318
63,4000	1,95318
63,5000	1,95318
63,6000	1,94830
63,7000	1,94342
63,8000	1,94830
63,9000	1,94342
64,0000	1,93854
64,1000	1,94342
64,2000	1,93854
64,3000	1,93854
64,4000	1,93854
64,5000	1,93365
64,6000	1,93365
64,7000	1,93365
64,8000	1,93365
64,9000	1,93365
65,0000	1,93365
65,1000	1,93365
65,2000	1,93365
65,3000	1,92389
65,4000	1,92877
65,5000	1,92389
65,6000	1,92877
65,7000	1,92389
65,8000	1,92877
65,9000	1,92389
66,0000	1,92877
66,1000	1,92389
66,2000	1,92389
66,3000	1,91900
66,4000	1,92389
66,5000	1,92389
66,6000	1,91900
66,7000	1,91412
66,8000	1,91900
66,9000	1,91412
67,0000	1,91900
67,1000	1,91412
67,2000	1,91900
67,3000	1,91412
67,4000	1,91412
67,5000	1,91412
67,6000	1,91412
67,7000	1,91412
67,8000	1,91412
67,9000	1,91412
68,0000	1,91412
68,1000	1,91412
68,2000	1,91412
68,3000	1,90435
68,4000	1,91412
68,5000	1,91412
68,6000	1,91412
68,7000	1,90435
68,8000	1,90924
68,9000	1,90435
69,0000	1,90924
69,1000	1,90435
69,2000	1,90924
69,3000	1,90435
69,4000	1,90435
69,5000	1,89947
69,6000	1,90435
69,7000	1,90435
69,8000	1,90435
69,9000	1,89947
70,0000	1,89947
70,1000	1,90435
70,2000	1,89947
70,3000	1,89947
70,4000	1,89947
70,5000	1,90435
70,6000	1,89947
70,7000	1,89947
70,8000	1,89459
70,9000	1,89459
71,0000	1,89947
71,1000	1,89459
71,2000	1,89947
71,3000	1,89459
71,4000	1,89947
71,5000	1,89459
71,6000	1,89459
71,7000	1,89459
71,8000	1,89459
71,9000	1,89459
72,0000	1,89459
72,1000	1,88971
72,2000	1,89459
72,3000	1,89459
72,4000	1,89459
72,5000	1,88971
72,6000	1,89459
72,7000	1,88971
72,8000	1,89459
72,9000	1,88971
73,0000	1,89459
73,1000	1,89459
73,2000	1,89459
73,3000	1,89459
73,4000	1,89459
73,5000	1,89459
73,6000	1,89947
73,7000	1,90435
73,8000	1,90435
73,9000	1,89459
74,0000	1,89947
74,1000	1,89947
74,2000	1,89947
74,3000	1,90435
74,4000	1,89947
74,5000	1,89459
74,6000	1,89947
74,7000	1,89459
74,8000	1,89947
74,9000	1,89459
75,0000	1,89947
75,1000	1,89459
75,2000	1,89947
75,3000	1,89459
75,4000	1,89459
75,5000	1,89459
75,6000	1,89459
75,7000	1,89459
75,8000	1,89459
75,9000	1,89459
76,0000	1,89459
76,1000	1,89459
76,2000	1,88971
76,3000	1,89459
76,4000	1,89459
76,5000	1,89459
76,6000	1,89459
76,7000	1,88971
76,8000	1,89459
76,9000	1,88971
77,0000	1,89459
77,1000	1,88971
77,2000	1,89459
77,3000	1,88971
77,4000	1,89459
77,5000	1,88482
77,6000	1,89459
77,7000	1,88971
77,8000	1,89459
77,9000	1,88482
78,0000	1,88971
78,1000	1,88971
78,2000	1,89459
78,3000	1,88482
78,4000	1,88971
78,5000	1,88482
78,6000	1,89459
78,7000	1,88482
78,8000	1,88971
78,9000	1,88482
79,0000	1,88971
79,1000	1,88482
79,2000	1,88482
79,3000	1,88482
79,4000	1,88971
79,5000	1,88482
79,6000	1,88971
79,7000	1,88482
79,8000	1,88971
79,9000	1,88482
80,0000	1,89459
80,1000	1,88482
80,2000	1,88482
80,3000	1,88482
80,4000	1,88971
80,5000	1,88482
80,6000	1,88971
80,7000	1,88482
80,8000	1,88971
80,9000	1,88482
81,0000	1,88482
81,1000	1,88482
81,2000	1,88971
81,3000	1,88482
81,4000	1,88482
81,5000	1,88482
81,6000	1,88482
81,7000	1,88482
81,8000	1,88971
81,9000	1,88482
82,0000	1,88971
82,1000	1,88482
82,2000	1,88482
82,3000	1,88482
82,4000	1,88482
82,5000	1,87994
82,6000	1,88971
82,7000	1,88482
82,8000	1,88482
82,9000	1,88482
83,0000	1,88482
83,1000	1,88482
83,2000	1,88482
83,3000	1,88482
83,4000	1,87994
83,5000	1,88482
83,6000	1,87994
83,7000	1,88482
83,8000	1,88482
83,9000	1,88482
84,0000	1,87994
84,1000	1,88482
84,2000	1,88482
84,3000	1,88482
84,4000	1,87994
84,5000	1,88482
84,6000	1,88482
84,7000	1,88482
84,8000	1,88482
84,9000	1,88482
85,0000	1,88482
85,1000	1,87994
85,2000	1,88482
85,3000	1,87994
85,4000	1,87994
85,5000	1,88482
85,6000	1,87994
85,7000	1,88482
85,8000	1,88482
85,9000	1,88482
86,0000	1,87994
86,1000	1,88482
86,2000	1,87994
86,3000	1,88482
86,4000	1,88482
86,5000	1,88482
86,6000	1,87994
86,7000	1,88482
86,8000	1,88482
86,9000	1,87994
87,0000	1,87994
87,1000	1,88482
87,2000	1,87994
87,3000	1,88482
87,4000	1,87994
87,5000	1,87994
87,6000	1,87994
87,7000	1,88482
87,8000	1,88482
87,9000	1,87994
88,0000	1,87994
88,1000	1,88482
88,2000	1,87994
88,3000	1,87506
88,4000	1,87994
88,5000	1,88482
88,6000	1,87994
88,7000	1,87994
88,8000	1,88482
88,9000	1,87994
89,0000	1,87994
89,1000	1,87994
89,2000	1,87994
89,3000	1,87506
89,4000	1,87994
89,5000	1,87994
89,6000	1,87506
89,7000	1,87994
89,8000	1,87994
89,9000	1,88482
90,0000	1,88482
90,1000	1,88482
90,2000	1,87994
90,3000	1,87994
90,4000	1,87994
90,5000	1,87994
90,6000	1,87994
90,7000	1,87994
90,8000	1,87994
90,9000	1,88482
91,0000	1,87994
91,1000	1,87994
91,2000	1,87994
91,3000	1,87506
91,4000	1,87994
91,5000	1,87994
91,6000	1,87994
91,7000	1,88482
91,8000	1,87994
91,9000	1,88482
92,0000	1,87994
92,1000	1,87994
92,2000	1,87994
92,3000	1,87506
92,4000	1,87994
92,5000	1,87994
92,6000	1,87994
92,7000	1,87994
92,8000	1,87994
92,9000	1,87506
93,0000	1,87994
93,1000	1,87994
93,2000	1,87994
93,3000	1,88482
93,4000	1,87994
93,5000	1,87506
93,6000	1,87994
93,7000	1,87506
93,8000	1,88482
93,9000	1,87506
94,0000	1,87994
94,1000	1,88482
94,2000	1,87994
94,3000	1,87506
94,4000	1,87994
94,5000	1,87506
94,6000	1,87994
94,7000	1,87506
94,8000	1,87994
94,9000	1,87506
95,0000	1,87994
95,1000	1,87994
95,2000	1,87994
95,3000	1,87994
95,4000	1,87994
95,5000	1,87506
95,6000	1,87994
95,7000	1,88482
95,8000	1,87994
95,9000	1,87994
96,0000	1,87994
96,1000	1,87994
96,2000	1,87994
96,3000	1,87506
96,4000	1,87994
96,5000	1,88482
96,6000	1,87994
96,7000	1,87506
96,8000	1,87994
96,9000	1,87994
97,0000	1,87994
97,1000	1,87506
97,2000	1,87994
97,3000	1,87506
97,4000	1,87994
97,5000	1,87994
97,6000	1,87994
97,7000	1,87994
97,8000	1,87994
97,9000	1,87506
98,0000	1,87994
98,1000	1,87994
98,2000	1,87994
98,3000	1,87994
98,4000	1,87994
98,5000	1,88482
98,6000	1,87994
98,7000	1,87506
98,8000	1,87506
98,9000	1,87506
99,0000	1,87994
99,1000	1,87506
99,2000	1,87994
99,3000	1,87994
99,4000	1,87994
99,5000	1,87506
99,6000	1,87994
99,7000	1,87506
99,8000	1,87994
99,9000	1,87506
100,0000	1,87994
100,1000	1,87506
100,2000	1,87994
100,3000	1,87994
100,4000	1,87994
100,5000	1,87506
100,6000	1,87994
100,7000	1,87506
100,8000	1,87994
100,9000	1,87506
101,0000	1,87994
101,1000	1,87506
101,2000	1,87994
101,3000	1,87506
101,4000	1,87994
101,5000	1,87506
101,6000	1,87994
101,7000	1,87506
101,8000	1,87994
101,9000	1,87506
102,0000	1,87506
102,1000	1,87506
102,2000	1,87994
102,3000	1,87506
102,4000	1,87506
102,5000	1,87506
102,6000	1,87994
102,7000	1,87506
102,8000	1,87994
102,9000	1,87506
103,0000	1,87994
103,1000	1,87506
103,2000	1,87994
103,3000	1,87506
103,4000	1,87994
103,5000	1,87506
103,6000	1,87994
103,7000	1,87506
103,8000	1,87506
103,9000	1,87506
104,0000	1,87506
104,1000	1,87506
104,2000	1,87994
104,3000	1,87506
104,4000	1,87506
104,5000	1,87506
104,6000	1,87994
104,7000	1,87506
104,8000	1,87994
104,9000	1,87506
105,0000	1,87506
105,1000	1,87506
105,2000	1,87994
105,3000	1,87506
105,4000	1,87994
105,5000	1,87506
105,6000	1,87506
105,7000	1,87506
105,8000	1,87994
105,9000	1,87506
106,0000	1,87994
106,1000	1,87506
106,2000	1,87994
106,3000	1,87506
106,4000	1,87994
106,5000	1,87506
106,6000	1,87994
106,7000	1,87506
106,8000	1,87994
106,9000	1,87506
107,0000	1,87506
107,1000	1,87506
107,2000	1,87994
107,3000	1,87506
107,4000	1,87994
107,5000	1,87506
107,6000	1,87994
107,7000	1,87506
107,8000	1,87506
107,9000	1,87506
108,0000	1,87506
108,1000	1,87506
108,2000	1,87506
108,3000	1,87506
108,4000	1,87994
108,5000	1,87506
108,6000	1,87994
108,7000	1,87506
108,8000	1,87994
108,9000	1,87506
109,0000	1,87994
109,1000	1,87506
109,2000	1,87506
109,3000	1,87506
109,4000	1,87506
109,5000	1,87506
109,6000	1,87506
109,7000	1,87506
109,8000	1,87994
109,9000	1,87506
110,0000	1,87506
110,1000	1,87506
110,2000	1,87506
110,3000	1,87506
110,4000	1,87994
110,5000	1,87506
110,6000	1,87506
110,7000	1,87506
110,8000	1,87994
110,9000	1,87506
111,0000	1,87994
111,1000	1,87506
111,2000	1,87994
111,3000	1,87506
111,4000	1,87994
111,5000	1,87994
111,6000	1,87994
111,7000	1,87506
111,8000	1,87994
111,9000	1,87506
112,0000	1,87994
112,1000	1,87506
112,2000	1,87994
112,3000	1,87506
112,4000	1,87994
112,5000	1,87506
112,6000	1,87994
112,7000	1,87506
112,8000	1,87506
112,9000	1,87506
113,0000	1,87994
113,1000	1,87506
113,2000	1,87506
113,3000	1,87506
113,4000	1,87994
113,5000	1,87506
113,6000	1,87506
113,7000	1,87506
113,8000	1,87506
113,9000	1,87506
114,0000	1,87506
114,1000	1,87506
114,2000	1,87506
114,3000	1,87506
114,4000	1,87506
114,5000	1,87506
114,6000	1,87506
114,7000	1,87506
114,8000	1,87506
114,9000	1,87506
115,0000	1,87506
115,1000	1,87506
115,2000	1,87506
115,3000	1,87506
115,4000	1,87506
115,5000	1,87506
115,6000	1,87506
115,7000	1,87506
115,8000	1,87506
115,9000	1,87506
116,0000	1,87506
116,1000	1,87506
116,2000	1,87506
116,3000	1,87506
116,4000	1,87506
116,5000	1,87506
116,6000	1,87994
116,7000	1,95318
116,8000	2,16803
116,9000	2,38289
117,0000	2,68075
117,1000	2,94931
117,2000	3,20322
117,3000	3,21299
117,4000	3,20811
117,5000	3,20322
117,6000	3,19834
117,7000	3,18857
117,8000	3,18369
117,9000	3,16904
118,0000	3,16416
118,1000	3,15439
118,2000	3,14951
118,3000	3,13486
118,4000	3,12998
118,5000	3,12510
118,6000	3,12510
118,7000	3,10556
118,8000	3,11045
118,9000	3,10068
119,0000	3,09580
119,1000	3,09580
119,2000	3,09091
119,3000	3,08603
119,4000	3,08603
119,5000	3,07627
119,6000	3,07627
119,7000	3,06650
119,8000	3,06650
119,9000	3,06650
120,0000	3,06162
120,1000	3,05673
120,2000	3,05673
120,3000	3,05185
120,4000	3,04697
120,5000	3,04697
120,6000	3,03720
120,7000	3,03720
120,8000	3,03720
120,9000	3,03720
121,0000	3,03232
121,1000	3,02744
121,2000	3,02744
121,3000	3,02744
121,4000	3,02255
121,5000	3,01767
121,6000	3,01767
121,7000	3,01767
121,8000	3,01279
121,9000	3,01279
122,0000	3,00790
122,1000	3,00790
122,2000	3,00790
122,3000	3,00790
122,4000	3,00302
122,5000	2,99814
122,6000	2,99814
122,7000	2,99326
122,8000	2,99326
122,9000	2,98837
123,0000	2,99326
123,1000	2,98837
123,2000	2,98837
123,3000	2,98349
123,4000	2,98837
123,5000	2,97861
123,6000	2,98349
123,7000	2,97861
123,8000	2,97861
123,9000	2,97861
124,0000	2,97861
124,1000	2,97372
124,2000	2,97372
124,3000	2,96884
124,4000	2,96884
124,5000	2,96884
124,6000	2,97372
124,7000	2,96884
124,8000	2,96884
124,9000	2,96884
125,0000	2,96884
125,1000	2,96884
125,2000	2,95907
125,3000	2,95907
125,4000	2,96884
125,5000	2,95907
125,6000	2,95419
125,7000	2,95907
125,8000	2,95907
125,9000	2,95419
126,0000	2,95419
126,1000	2,94931
126,2000	2,95419
126,3000	2,94931
126,4000	2,94931
126,5000	2,94931
126,6000	2,94931
126,7000	2,94931
126,8000	2,94931
126,9000	2,94443
127,0000	2,94931
127,1000	2,94443
127,2000	2,94443
127,3000	2,94443
127,4000	2,94443
127,5000	2,93954
127,6000	2,94443
127,7000	2,93954
127,8000	2,94443
127,9000	2,93954
128,0000	2,93954
128,1000	2,93954
128,2000	2,93954
128,3000	2,93466
128,4000	2,93466
128,5000	2,93466
128,6000	2,93954
128,7000	2,93466
128,8000	2,93954
128,9000	2,93466
129,0000	2,93466
129,1000	2,93954
129,2000	2,93466
129,3000	2,92978
129,4000	2,92978
129,5000	2,92978
129,6000	2,92978
129,7000	2,92978
129,8000	2,93466
129,9000	2,92978
130,0000	2,92978
130,1000	2,92978
130,2000	2,92978
130,3000	2,92978
130,4000	2,92978
130,5000	2,92978
130,6000	2,92978
130,7000	2,92978
130,8000	2,92978
130,9000	2,92978
131,0000	2,92489
131,1000	2,92001
131,2000	2,92489
131,3000	2,92489
131,4000	2,92001
131,5000	2,92001
131,6000	2,92001
131,7000	2,92001
131,8000	2,92001
131,9000	2,92001
132,0000	2,92489
132,1000	2,92001
132,2000	2,92001
132,3000	2,92001
132,4000	2,92978
132,5000	2,91513
132,6000	2,92001
132,7000	2,92001
132,8000	2,92001
132,9000	2,92001
133,0000	2,92001
133,1000	2,91513
133,2000	2,91513
133,3000	2,91025
133,4000	2,91025
133,5000	2,91513
133,6000	2,91513
133,7000	2,91025
133,8000	2,91513
133,9000	2,92001
134,0000	2,91513
134,1000	2,92001
134,2000	2,91513
134,3000	2,92001
134,4000	2,91513
134,5000	2,91025
134,6000	2,91025
134,7000	2,91025
134,8000	2,91025
134,9000	2,91025
135,0000	2,91513
135,1000	2,91025
135,2000	2,91025
135,3000	2,91025
135,4000	2,91025
135,5000	2,91025
135,6000	2,91025
135,7000	2,91025
135,8000	2,91025
135,9000	2,91025
136,0000	2,91025
136,1000	2,90536
136,2000	2,91025
136,3000	2,90536
136,4000	2,91025
136,5000	2,91025
136,6000	2,91025
136,7000	2,91025
136,8000	2,91025
136,9000	2,90536
137,0000	2,91025
137,1000	2,91025
137,2000	2,91025
137,3000	2,90048
137,4000	2,90536
137,5000	2,90536
137,6000	2,90536
137,7000	2,90048
137,8000	2,90536
137,9000	2,90536
138,0000	2,90536
138,1000	2,90048
138,2000	2,91025
138,3000	2,90048
138,4000	2,91025
138,5000	2,90536
138,6000	2,90536
138,7000	2,90048
138,8000	2,90536
138,9000	2,90048
139,0000	2,91025
139,1000	2,90048
139,2000	2,91025
139,3000	2,90536
139,4000	2,90536
139,5000	2,90048
139,6000	2,90536
139,7000	2,90048
139,8000	2,91025
139,9000	2,90048
140,0000	2,90536
140,1000	2,90048
140,2000	2,90048
140,3000	2,90048
140,4000	2,90536
140,5000	2,90048
140,6000	2,90536
140,7000	2,90048
140,8000	2,90536
140,9000	2,90536
141,0000	2,90048
141,1000	2,90048
141,2000	2,90536
141,3000	2,90048
141,4000	2,90536
141,5000	2,90048
141,6000	2,90048
141,7000	2,90048
141,8000	2,90048
141,9000	2,90048
142,0000	2,90048
142,1000	2,90048
142,2000	2,90048
142,3000	2,90048
142,4000	2,90536
142,5000	2,90048
142,6000	2,90048
142,7000	2,90048
142,8000	2,90536
142,9000	2,90048
143,0000	2,90048
143,1000	2,90048
143,2000	2,90048
143,3000	2,90048
143,4000	2,90048
143,5000	2,90048
143,6000	2,89560
143,7000	2,90048
143,8000	2,90048
143,9000	2,90048
144,0000	2,90048
144,1000	2,90048
144,2000	2,90048
144,3000	2,90048
144,4000	2,90048
144,5000	2,89560
144,6000	2,89560
144,7000	2,90048
144,8000	2,90048
144,9000	2,89560
145,0000	2,89560
145,1000	2,90048
145,2000	2,90048
145,3000	2,90048
145,4000	2,89560
145,5000	2,90048
145,6000	2,89560
145,7000	2,90048
145,8000	2,90048
145,9000	2,90048
146,0000	2,89560
146,1000	2,89560
146,2000	2,89560
146,3000	2,90048
146,4000	2,89560
146,5000	2,89560
146,6000	2,89560
146,7000	2,89560
146,8000	2,90048
146,9000	2,89560
147,0000	2,90048
147,1000	2,90048
147,2000	2,89560
147,3000	2,90048
147,4000	2,89560
147,5000	2,90048
147,6000	2,89560
147,7000	2,90048
147,8000	2,89560
147,9000	2,89560
148,0000	2,89560
148,1000	2,90048
148,2000	2,89560
148,3000	2,90048
148,4000	2,89560
148,5000	2,89560
148,6000	2,89560
148,7000	2,90048
148,8000	2,89560
148,9000	2,89560
149,0000	2,89560
149,1000	2,89071
149,2000	2,89560
149,3000	2,90048
149,4000	2,89560
149,5000	2,89560
149,6000	2,89560
149,7000	2,89071
149,8000	2,89560
149,9000	2,89071
150,0000	2,89560
150,1000	2,89071
150,2000	2,89560
150,3000	2,89560
150,4000	2,89560
150,5000	2,89071
150,6000	2,89560
150,7000	2,89560
150,8000	2,89071
150,9000	2,89071
151,0000	2,89560
151,1000	2,89071
151,2000	2,89560
151,3000	2,89071
151,4000	2,89560
151,5000	2,89560
151,6000	2,89560
151,7000	2,89071
151,8000	2,89560
151,9000	2,90048
152,0000	2,89560
152,1000	2,89071
152,2000	2,89560
152,3000	2,89560
152,4000	2,89560
152,5000	2,90048
152,6000	2,89560
152,7000	2,90048
152,8000	2,89560
152,9000	2,89071
153,0000	2,89071
153,1000	2,89071
153,2000	2,89560
153,3000	2,89071
153,4000	2,89560
153,5000	2,90048
153,6000	2,89560
153,7000	2,89071
153,8000	2,89560
153,9000	2,89071
154,0000	2,89560
154,1000	2,89071
154,2000	2,89560
154,3000	2,89560
154,4000	2,89560
154,5000	2,89071
154,6000	2,89560
154,7000	2,89560
154,8000	2,89560
154,9000	2,89071
155,0000	2,89560
155,1000	2,89071
155,2000	2,89560
155,3000	2,89071
155,4000	2,89560
155,5000	2,89071
155,6000	2,89560
155,7000	2,89071
155,8000	2,89071
155,9000	2,89071
156,0000	2,89071
156,1000	2,89071
156,2000	2,89071
156,3000	2,89071
156,4000	2,89560
156,5000	2,89071
156,6000	2,89560
156,7000	2,89560
156,8000	2,89560
156,9000	2,89071
157,0000	2,89560
157,1000	2,89071
157,2000	2,89560
157,3000	2,89071
157,4000	2,89560
157,5000	2,89071
157,6000	2,89560
157,7000	2,89071
157,8000	2,89560
157,9000	2,89071
158,0000	2,89560
158,1000	2,89071
158,2000	2,89560
158,3000	2,89071
158,4000	2,89560
158,5000	2,89071
158,6000	2,89560
158,7000	2,89071
158,8000	2,89560
158,9000	2,89071
159,0000	2,89560
159,1000	2,89071
159,2000	2,89560
159,3000	2,89071
159,4000	2,89560
159,5000	2,89071
159,6000	2,89560
159,7000	2,89071
159,8000	2,89560
159,9000	2,89071
160,0000	2,89560
160,1000	2,89071
160,2000	2,89560
160,3000	2,89071
160,4000	2,89071
160,5000	2,89071
160,6000	2,89560
160,7000	2,89071
160,8000	2,89071
160,9000	2,89071
161,0000	2,89560
161,1000	2,89071
161,2000	2,89560
161,3000	2,89071
161,4000	2,89071
161,5000	2,89071
161,6000	2,89560
161,7000	2,89071
161,8000	2,89560
161,9000	2,89071
162,0000	2,89560
162,1000	2,89071
162,2000	2,89071
162,3000	2,89071
162,4000	2,89071
162,5000	2,89071
162,6000	2,89071
162,7000	2,89071
162,8000	2,89071
162,9000	2,89071
163,0000	2,89071
163,1000	2,89071
163,2000	2,89071
163,3000	2,89071
163,4000	2,89071
163,5000	2,89071
163,6000	2,89071
163,7000	2,89071
163,8000	2,89071
163,9000	2,89071
164,0000	2,89071
164,1000	2,89071
164,2000	2,89071
164,3000	2,89071
164,4000	2,89071
164,5000	2,89071
164,6000	2,89071
164,7000	2,89071
164,8000	2,89071
164,9000	2,89071
165,0000	2,89071
165,1000	2,89071
165,2000	2,89560
165,3000	2,89071
165,4000	2,89071
165,5000	2,89071
165,6000	2,89071
165,7000	2,89071
165,8000	2,89071
165,9000	2,89071
166,0000	2,89071
166,1000	2,89071
166,2000	2,89071
166,3000	2,89071
166,4000	2,89071
166,5000	2,89071
166,6000	2,89560
166,7000	2,89071
166,8000	2,89071
166,9000	2,89071
167,0000	2,89071
167,1000	2,89071
167,2000	2,89071
167,3000	2,89071
167,4000	2,89071
167,5000	2,89071
167,6000	2,89071
167,7000	2,89071
167,8000	2,89071
167,9000	2,89071
168,0000	2,89560
168,1000	2,89071
168,2000	2,89560
168,3000	2,89071
168,4000	2,89071
168,5000	2,89071
168,6000	2,89071
168,7000	2,89071
168,8000	2,89071
168,9000	2,89071
169,0000	2,89071
169,1000	2,89071
169,2000	2,89071
169,3000	2,89071
169,4000	2,89071
169,5000	2,89071
169,6000	2,89071
169,7000	2,89071
169,8000	2,89071
169,9000	2,89071
170,0000	2,89071
170,1000	2,89071
170,2000	2,89560
170,3000	2,89071
170,4000	2,89071
170,5000	2,89071
170,6000	2,89071
170,7000	2,89071
170,8000	2,89071
170,9000	2,89071
171,0000	2,89071
171,1000	2,89071
171,2000	2,89071
171,3000	2,89071
171,4000	2,89071
171,5000	2,89071
171,6000	2,89071
171,7000	2,89071
171,8000	2,89071
171,9000	2,89071
172,0000	2,89071
172,1000	2,89071
172,2000	2,89071
172,3000	2,89071
172,4000	2,89071
172,5000	2,89071
172,6000	2,89071
172,7000	2,89071
172,8000	2,89071
172,9000	2,89071
173,0000	2,89071
173,1000	2,89071
173,2000	2,89071
173,3000	2,89071
173,4000	2,89071
173,5000	2,89071
173,6000	2,89071
173,7000	2,89071
173,8000	2,89071
173,9000	2,89071
174,0000	2,89071
174,1000	2,89071
174,2000	2,89071
174,3000	2,89071
174,4000	2,88583
174,5000	2,89071
174,6000	2,89071
174,7000	2,89071
174,8000	2,89071
174,9000	2,89071
175,0000	2,89071
175,1000	2,89071
175,2000	2,88583
175,3000	2,89071
175,4000	2,88583
175,5000	2,88583
175,6000	2,88583
175,7000	2,88095
175,8000	2,89071
175,9000	2,88095
176,0000	2,88583
176,1000	2,89071
176,2000	2,88583
176,3000	2,89071
176,4000	2,88583
176,5000	2,88583
176,6000	2,88095
176,7000	2,88095
176,8000	2,88583
176,9000	2,88095
177,0000	2,88583
177,1000	2,88095
177,2000	2,88095
177,3000	2,89071
177,4000	2,89071
177,5000	2,91025
177,6000	3,05185
177,7000	3,26182
177,8000	3,55480
177,9000	3,88684
178,0000	4,21888
178,1000	4,21888
178,2000	4,21888
178,3000	4,20423
178,4000	4,19935
178,5000	4,18958
178,6000	4,17982
178,7000	4,17005
178,8000	4,16517
178,9000	4,16028
179,0000	4,16028
179,1000	4,15052
179,2000	4,14563
179,3000	4,14075
179,4000	4,13587
179,5000	4,13099
179,6000	4,12122
179,7000	4,12122
179,8000	4,11145
179,9000	4,11145
180,0000	4,10657
180,1000	4,10169
180,2000	4,09680
180,3000	4,09192
180,4000	4,08704
180,5000	4,08216
180,6000	4,08216
180,7000	4,07239
180,8000	4,07239
180,9000	4,07239
181,0000	4,06751
181,1000	4,06262
181,2000	4,06262
181,3000	4,05286
181,4000	4,06262
181,5000	4,04798
181,6000	4,04798
181,7000	4,04309
181,8000	4,04309
181,9000	4,04309
182,0000	4,03821
182,1000	4,03333
182,2000	4,02844
182,3000	4,02844
182,4000	4,02844
182,5000	4,02356
182,6000	4,02356
182,7000	4,02356
182,8000	4,02356
182,9000	4,01868
183,0000	4,00891
183,1000	4,01379
183,2000	4,00891
183,3000	4,00891
183,4000	4,00891
183,5000	4,00403
183,6000	4,00403
183,7000	3,99915
183,8000	4,00403
183,9000	3,99915
184,0000	3,99915
184,1000	3,99426
184,2000	3,99426
184,3000	3,98938
184,4000	3,98938
184,5000	3,98450
184,6000	3,98938
184,7000	3,98938
184,8000	3,98450
184,9000	3,98450
185,0000	3,98450
185,1000	3,98450
185,2000	3,98450
185,3000	3,97473
185,4000	3,97961
185,5000	3,97473
185,6000	3,97961
185,7000	3,97473
185,8000	3,97473
185,9000	3,96985
186,0000	3,97473
186,1000	3,97473
186,2000	3,96985
186,3000	3,96985
186,4000	3,96985
186,5000	3,96496
186,6000	3,96496
186,7000	3,96496
186,8000	3,96496
186,9000	3,96008
187,0000	3,96496
187,1000	3,96008
187,2000	3,96496
187,3000	3,95520
187,4000	3,96008
187,5000	3,95520
187,6000	3,96008
187,7000	3,95520
187,8000	3,95520
187,9000	3,95520
188,0000	3,95520
188,1000	3,95520
188,2000	3,95032
188,3000	3,95032
188,4000	3,95032
188,5000	3,94543
188,6000	3,95520
188,7000	3,95032
188,8000	3,95032
188,9000	3,95032
189,0000	3,95032
189,1000	3,94543
189,2000	3,95032
189,3000	3,94543
189,4000	3,94543
189,5000	3,94543
189,6000	3,94543
189,7000	3,94543
189,8000	3,94543
189,9000	3,94543
190,0000	3,94543
190,1000	3,93567
190,2000	3,94543
190,3000	3,94543
190,4000	3,94055
190,5000	3,94543
190,6000	3,94055
190,7000	3,93567
190,8000	3,94055
190,9000	3,93567
191,0000	3,93078
191,1000	3,93567
191,2000	3,93567
191,3000	3,93567
191,4000	3,94055
191,5000	3,93078
191,6000	3,93567
191,7000	3,93567
191,8000	3,93567
191,9000	3,93567
192,0000	3,93567
192,1000	3,93078
192,2000	3,93078
192,3000	3,93078
192,4000	3,93078
192,5000	3,92590
192,6000	3,93078
192,7000	3,92590
192,8000	3,93078
192,9000	3,92590
193,0000	3,93078
193,1000	3,92590
193,2000	3,93078
193,3000	3,92590
193,4000	3,92590
193,5000	3,92590
193,6000	3,93078
193,7000	3,92590
193,8000	3,92590
193,9000	3,92590
194,0000	3,92590
194,1000	3,92590
194,2000	3,92590
194,3000	3,92102
194,4000	3,92590
194,5000	3,92590
194,6000	3,92590
194,7000	3,92102
194,8000	3,92590
194,9000	3,92102
195,0000	3,92590
195,1000	3,92102
195,2000	3,92102
195,3000	3,92102
195,4000	3,92590
195,5000	3,91614
195,6000	3,92102
195,7000	3,92102
195,8000	3,92102
195,9000	3,91614
196,0000	3,92102
196,1000	3,91614
196,2000	3,92590
196,3000	3,91614
196,4000	3,92102
196,5000	3,91614
196,6000	3,91614
196,7000	3,91614
196,8000	3,91614
196,9000	3,91614
197,0000	3,91614
197,1000	3,91125
197,2000	3,91614
197,3000	3,91614
197,4000	3,91614
197,5000	3,91614
197,6000	3,91125
197,7000	3,91614
197,8000	3,92102
197,9000	3,91614
198,0000	3,91614
198,1000	3,91614
198,2000	3,91125
198,3000	3,91614
198,4000	3,91614
198,5000	3,91125
198,6000	3,91614
198,7000	3,91614
198,8000	3,91614
198,9000	3,91614
199,0000	3,91125
199,1000	3,91614
199,2000	3,91125
199,3000	3,91614
199,4000	3,91125
199,5000	3,91614
199,6000	3,91614
199,7000	3,91614
199,8000	3,91125
199,9000	3,90637
200,0000	3,91125
200,1000	3,91125
200,2000	3,91125
200,3000	3,90637
200,4000	3,91125
200,5000	3,90637
200,6000	3,91125
200,7000	3,91125
200,8000	3,91125
200,9000	3,90637
201,0000	3,91125
201,1000	3,91125
201,2000	3,91125
201,3000	3,91125
201,4000	3,91125
201,5000	3,90637
201,6000	3,91125
201,7000	3,91125
201,8000	3,91125
201,9000	3,90637
202,0000	3,91125
202,1000	3,90637
202,2000	3,91125
202,3000	3,90637
202,4000	3,91125
202,5000	3,90637
202,6000	3,91125
202,7000	3,90637
202,8000	3,90637
202,9000	3,90637
203,0000	3,90637
203,1000	3,90637
203,2000	3,91125
203,3000	3,90637
203,4000	3,90637
203,5000	3,90637
203,6000	3,90637
203,7000	3,90637
203,8000	3,90637
203,9000	3,90637
204,0000	3,90637
204,1000	3,90637
204,2000	3,90637
204,3000	3,90637
204,4000	3,90637
204,5000	3,90637
204,6000	3,90637
204,7000	3,90637
204,8000	3,90637
204,9000	3,90637
205,0000	3,90637
205,1000	3,90637
205,2000	3,90637
205,3000	3,90637
205,4000	3,90637
205,5000	3,90637
205,6000	3,90637
205,7000	3,90637
205,8000	3,90637
205,9000	3,90637
206,0000	3,90637
206,1000	3,90637
206,2000	3,90637
206,3000	3,90637
206,4000	3,90637
206,5000	3,90637
206,6000	3,90637
206,7000	3,90637
206,8000	3,90637
206,9000	3,90637
207,0000	3,90637
207,1000	3,90637
207,2000	3,90637
207,3000	3,90637
207,4000	3,90637
207,5000	3,90637
207,6000	3,90637
207,7000	3,90637
207,8000	3,90637
207,9000	3,90637
208,0000	3,90637
208,1000	3,90637
208,2000	3,90637
208,3000	3,90637
208,4000	3,90637
208,5000	3,90637
208,6000	3,90637
208,7000	3,90637
208,8000	3,90637
208,9000	3,90637
209,0000	3,90637
209,1000	3,90637
209,2000	3,90637
209,3000	3,90637
209,4000	3,90637
209,5000	3,90637
209,6000	3,90637
209,7000	3,90637
209,8000	3,90637
209,9000	3,90637
210,0000	3,90637
210,1000	3,90637
210,2000	3,90149
210,3000	3,90637
210,4000	3,90637
210,5000	3,90637
210,6000	3,90637
210,7000	3,90637
210,8000	3,90637
210,9000	3,90637
211,0000	3,90637
211,1000	3,90637
211,2000	3,90637
211,3000	3,90637
211,4000	3,90637
211,5000	3,90637
211,6000	3,90637
211,7000	3,90637
211,8000	3,90637
211,9000	3,90637
212,0000	3,90149
212,1000	3,90637
212,2000	3,90637
212,3000	3,90637
212,4000	3,90149
212,5000	3,90637
212,6000	3,90637
212,7000	3,90637
212,8000	3,90637
212,9000	3,90637
213,0000	3,90637
213,1000	3,90637
213,2000	3,90637
213,3000	3,89660
213,4000	3,90637
213,5000	3,90637
213,6000	3,90637
213,7000	3,90637
213,8000	3,90637
213,9000	3,89660
214,0000	3,90149
214,1000	3,90637
214,2000	3,90637
214,3000	3,90637
214,4000	3,90637
214,5000	3,90637
214,6000	3,90637
214,7000	3,90637
214,8000	3,90637
214,9000	3,90637
215,0000	3,90637
215,1000	3,89660
215,2000	3,90637
215,3000	3,89660
215,4000	3,90637
215,5000	3,90637
215,6000	3,90637
215,7000	3,90637
215,8000	3,90637
215,9000	3,90637
216,0000	3,90637
216,1000	3,90637
216,2000	3,90637
216,3000	3,90637
216,4000	3,90637
216,5000	3,90637
216,6000	3,90637
216,7000	3,90637
216,8000	3,90637
216,9000	3,90637
217,0000	3,90149
217,1000	3,90637
217,2000	3,90637
217,3000	3,90637
217,4000	3,90637
217,5000	3,90637
217,6000	3,90637
217,7000	3,90637
217,8000	3,90637
217,9000	3,90637
218,0000	3,90637
218,1000	3,90637
218,2000	3,90637
218,3000	3,90149
218,4000	3,90637
218,5000	3,89660
218,6000	3,90637
218,7000	3,89660
218,8000	3,90637
218,9000	3,90637
219,0000	3,90637
219,1000	3,90637
219,2000	3,90637
219,3000	3,90637
219,4000	3,89660
219,5000	3,89660
219,6000	3,90637
219,7000	3,90637
219,8000	3,90149
219,9000	3,90637
220,0000	3,90149
220,1000	3,90637
220,2000	3,89660
220,3000	3,90637
220,4000	3,90149
220,5000	3,90637
220,6000	3,90149
220,7000	3,89660
220,8000	3,90637
220,9000	3,90637
221,0000	3,89660
221,1000	3,90637
221,2000	3,90637
221,3000	3,90637
221,4000	3,90637
221,5000	3,90637
221,6000	3,90637
221,7000	3,90637
221,8000	3,90637
221,9000	3,90637
222,0000	3,89660
222,1000	3,89660
222,2000	3,90149
222,3000	3,90637
222,4000	3,89660
222,5000	3,90637
222,6000	3,90149
222,7000	3,90637
222,8000	3,90149
222,9000	3,90637
223,0000	3,89660
223,1000	3,89660
223,2000	3,90637
223,3000	3,90637
223,4000	3,90149
223,5000	3,90637
223,6000	3,90149
223,7000	3,89660
223,8000	3,90637
223,9000	3,89660
224,0000	3,89660
224,1000	3,90637
224,2000	3,90637
224,3000	3,90637
224,4000	3,90637
224,5000	3,89660
224,6000	3,89660
224,7000	3,89660
224,8000	3,89660
224,9000	3,89660
225,0000	3,90637
225,1000	3,90637
225,2000	3,89660
225,3000	3,90637
225,4000	3,90149
225,5000	3,90637
225,6000	3,90149
225,7000	3,90637
225,8000	3,90149
225,9000	3,89660
226,0000	3,89660
226,1000	3,89660
226,2000	3,90637
226,3000	3,89660
226,4000	3,89660
226,5000	3,89660
226,6000	3,90149
226,7000	3,89660
226,8000	3,90149
226,9000	3,89660
227,0000	3,90637
227,1000	3,89660
227,2000	3,90637
227,3000	3,90637
227,4000	3,90637
227,5000	3,89660
227,6000	3,90149
227,7000	3,90637
227,8000	3,90149
227,9000	3,89660
228,0000	3,90637
228,1000	3,89660
228,2000	3,90637
228,3000	3,89660
228,4000	3,89660
228,5000	3,89660
228,6000	3,90637
228,7000	3,89660
228,8000	3,90637
228,9000	3,89660
229,0000	3,89660
229,1000	3,89660
229,2000	3,89660
229,3000	3,89660
229,4000	3,89660
229,5000	3,89660
229,6000	3,89660
229,7000	3,90637
229,8000	3,90637
229,9000	3,89660
230,0000	3,89172
230,1000	3,89660
230,2000	3,90637
230,3000	3,89660
230,4000	3,89660
230,5000	3,89660
230,6000	3,89660
230,7000	3,89660
230,8000	3,89172
230,9000	3,89660
231,0000	3,89660
231,1000	3,89660
231,2000	3,89660
231,3000	3,89660
231,4000	3,90637
231,5000	3,90637
231,6000	3,89660
231,7000	3,89172
231,8000	3,90637
231,9000	3,89660
232,0000	3,90149
232,1000	3,90637
232,2000	3,89660
232,3000	3,90637
232,4000	3,90149
232,5000	3,90637
232,6000	3,90149
232,7000	3,89660
232,8000	3,89660
232,9000	3,89660
233,0000	3,89660
233,1000	3,89660
233,2000	3,89660
233,3000	3,89660
233,4000	3,89660
233,5000	3,89660
233,6000	3,89172
233,7000	3,89660
233,8000	3,87219
233,9000	3,86731
234,0000	3,85266
234,1000	3,84777
234,2000	3,84777
234,3000	3,84777
234,4000	3,84289
234,5000	3,84289
234,6000	3,84777
234,7000	3,84289
234,8000	3,84289
234,9000	3,86731
235,0000	3,98450
235,1000	4,28724
235,2000	4,58510
235,3000	4,95132
235,4000	4,98062
235,5000	4,97085
235,6000	4,96597
235,7000	4,96109
235,8000	4,95132
235,9000	4,94156
236,0000	4,94156
236,1000	4,93179
236,2000	4,92691
236,3000	4,92203
236,4000	4,91226
236,5000	4,90738
236,6000	4,90249
236,7000	4,89273
236,8000	4,89273
236,9000	4,88296
237,0000	4,88784
237,1000	4,88296
237,2000	4,88296
237,3000	4,87320
237,4000	4,86831
237,5000	4,86343
237,6000	4,86343
237,7000	4,85366
237,8000	4,84878
237,9000	4,85366
238,0000	4,84878
238,1000	4,84390
238,2000	4,84390
238,3000	4,84390
238,4000	4,83413
238,5000	4,83413
238,6000	4,82925
238,7000	4,82925
238,8000	4,82437
238,9000	4,82437
239,0000	4,82437
239,1000	4,82437
239,2000	4,82437
239,3000	4,81948
239,4000	4,81948
239,5000	4,81948
239,6000	4,82437
239,7000	4,81460
239,8000	4,81460
239,9000	4,81460
240,0000	4,81460
240,1000	4,80972
240,2000	4,80972
240,3000	4,80483
240,4000	4,80483
240,5000	4,80483
240,6000	4,80483
240,7000	4,79507
240,8000	4,79995
240,9000	4,79507
241,0000	4,79507
241,1000	4,79019
241,2000	4,79019
241,3000	4,79507
241,4000	4,79019
241,5000	4,78530
241,6000	4,78042
241,7000	4,78042
241,8000	4,77554
241,9000	4,78042
242,0000	4,78042
242,1000	4,77554
242,2000	4,77554
242,3000	4,77554
242,4000	4,78042
242,5000	4,77554
242,6000	4,77554
242,7000	4,77065
242,8000	4,77065
242,9000	4,77065
243,0000	4,77065
243,1000	4,76577
243,2000	4,77065
243,3000	4,76577
243,4000	4,76577
243,5000	4,76577
243,6000	4,76577
243,7000	4,76577
243,8000	4,76577
243,9000	4,76577
244,0000	4,76577
244,1000	4,75600
244,2000	4,75600
244,3000	4,75600
244,4000	4,75600
244,5000	4,75600
244,6000	4,75600
244,7000	4,75600
244,8000	4,75600
244,9000	4,75600
245,0000	4,75112
245,1000	4,75112
245,2000	4,75112
245,3000	4,75112
245,4000	4,75112
245,5000	4,75112
245,6000	4,74624
245,7000	4,74624
245,8000	4,75112
245,9000	4,74624
246,0000	4,74624
246,1000	4,74624
246,2000	4,74624
246,3000	4,74624
246,4000	4,74624
246,5000	4,74624
246,6000	4,74624
246,7000	4,74136
246,8000	4,74624
246,9000	4,74136
247,0000	4,74624
247,1000	4,74624
247,2000	4,74136
247,3000	4,74624
247,4000	4,74136
247,5000	4,73647
247,6000	4,74136
247,7000	4,73647
247,8000	4,73647
247,9000	4,73647
248,0000	4,73647
248,1000	4,73647
248,2000	4,73647
248,3000	4,73647
248,4000	4,73647
248,5000	4,73647
248,6000	4,73159
248,7000	4,73647
248,8000	4,73647
248,9000	4,73159
249,0000	4,73647
249,1000	4,73647
249,2000	4,73159
249,3000	4,73647
249,4000	4,73647
249,5000	4,73647
249,6000	4,73647
249,7000	4,72671
249,8000	4,73159
249,9000	4,73159
250,0000	4,73159
250,1000	4,72671
250,2000	4,73159
250,3000	4,72671
250,4000	4,73159
250,5000	4,72671
250,6000	4,73159
250,7000	4,72671
250,8000	4,73159
250,9000	4,72671
251,0000	4,73159
251,1000	4,72671
251,2000	4,72671
251,3000	4,72671
251,4000	4,72671
251,5000	4,72671
251,6000	4,72671
251,7000	4,72671
251,8000	4,72671
251,9000	4,72671
252,0000	4,72671
252,1000	4,72671
252,2000	4,72671
252,3000	4,72671
252,4000	4,72671
252,5000	4,72671
252,6000	4,72671
252,7000	4,72671
252,8000	4,72671
252,9000	4,72671
253,0000	4,72671
253,1000	4,72671
253,2000	4,72671
253,3000	4,72671
253,4000	4,72182
253,5000	4,72671
253,6000	4,72671
253,7000	4,72182
253,8000	4,72671
253,9000	4,71694
254,0000	4,72671
254,1000	4,72182
254,2000	4,72182
254,3000	4,71694
254,4000	4,72182
254,5000	4,71694
254,6000	4,72671
254,7000	4,72182
254,8000	4,72182
254,9000	4,71694
255,0000	4,72671
255,1000	4,71694
255,2000	4,72671
255,3000	4,71694
255,4000	4,72182
255,5000	4,71694
255,6000	4,71694
255,7000	4,71694
255,8000	4,71206
255,9000	4,71694
256,0000	4,71694
256,1000	4,71694
256,2000	4,71694
256,3000	4,71694
256,4000	4,71694
256,5000	4,71694
256,6000	4,71694
256,7000	4,71694
256,8000	4,71694
256,9000	4,71694
257,0000	4,72182
257,1000	4,71694
257,2000	4,71206
257,3000	4,71694
257,4000	4,71694
257,5000	4,71694
257,6000	4,71206
257,7000	4,71694
257,8000	4,71694
257,9000	4,71206
258,0000	4,71694
258,1000	4,71694
258,2000	4,71694
258,3000	4,71694
258,4000	4,71206
258,5000	4,71694
258,6000	4,71694
258,7000	4,71206
258,8000	4,71694
258,9000	4,71206
259,0000	4,71694
259,1000	4,71694
259,2000	4,71206
259,3000	4,71694
259,4000	4,71694
259,5000	4,70717
259,6000	4,71694
259,7000	4,71206
259,8000	4,71206
259,9000	4,71206
260,0000	4,71694
260,1000	4,71206
260,2000	4,71206
260,3000	4,71206
260,4000	4,71206
260,5000	4,71694
260,6000	4,71694
260,7000	4,71694
260,8000	4,71694
260,9000	4,71206
261,0000	4,71206
261,1000	4,71206
261,2000	4,71206
261,3000	4,71694
261,4000	4,71206
261,5000	4,71694
261,6000	4,71206
261,7000	4,71206
261,8000	4,71206
261,9000	4,70717
262,0000	4,71206
262,1000	4,71206
262,2000	4,71206
262,3000	4,71694
262,4000	4,71206
262,5000	4,70717
262,6000	4,71206
262,7000	4,71206
262,8000	4,71206
262,9000	4,70717
263,0000	4,71206
263,1000	4,71206
263,2000	4,70717
263,3000	4,70717
263,4000	4,71206
263,5000	4,70717
263,6000	4,71206
263,7000	4,70717
263,8000	4,71206
263,9000	4,70717
264,0000	4,71206
264,1000	4,70717
264,2000	4,71206
264,3000	4,70717
264,4000	4,71206
264,5000	4,70717
264,6000	4,71206
264,7000	4,70717
264,8000	4,70717
264,9000	4,70717
265,0000	4,71206
265,1000	4,70717
265,2000	4,71206
265,3000	4,70717
265,4000	4,71206
265,5000	4,70717
265,6000	4,71206
265,7000	4,70717
265,8000	4,71206
265,9000	4,70717
266,0000	4,71206
266,1000	4,70717
266,2000	4,70717
266,3000	4,70717
266,4000	4,70717
266,5000	4,70717
266,6000	4,70717
266,7000	4,70717
266,8000	4,70717
266,9000	4,70717
267,0000	4,71206
267,1000	4,70717
267,2000	4,70717
267,3000	4,70717
267,4000	4,70717
267,5000	4,70717
267,6000	4,70717
267,7000	4,70717
267,8000	4,70717
267,9000	4,70717
268,0000	4,70717
268,1000	4,70717
268,2000	4,70717
268,3000	4,70717
268,4000	4,70717
268,5000	4,70717
268,6000	4,70717
268,7000	4,70229
268,8000	4,70717
268,9000	4,70717
269,0000	4,70717
269,1000	4,70229
269,2000	4,71206
269,3000	4,70717
269,4000	4,70717
269,5000	4,70717
269,6000	4,70717
269,7000	4,70717
269,8000	4,70717
269,9000	4,70717
270,0000	4,70717
270,1000	4,70717
270,2000	4,70717
270,3000	4,70229
270,4000	4,70717
270,5000	4,70717
270,6000	4,70717
270,7000	4,70717
270,8000	4,70717
270,9000	4,70229
271,0000	4,70717
271,1000	4,70717
271,2000	4,70717
271,3000	4,70229
271,4000	4,70717
271,5000	4,70229
271,6000	4,70717
271,7000	4,70229
271,8000	4,70717
271,9000	4,70717
272,0000	4,70717
272,1000	4,70717
272,2000	4,70717
272,3000	4,70229
272,4000	4,70717
272,5000	4,70717
272,6000	4,70717
272,7000	4,70229
272,8000	4,70717
272,9000	4,70229
273,0000	4,70717
273,1000	4,70229
273,2000	4,70717
273,3000	4,69741
273,4000	4,70717
273,5000	4,70229
273,6000	4,70229
273,7000	4,70717
273,8000	4,70717
273,9000	4,70717
274,0000	4,70717
274,1000	4,70717
274,2000	4,70717
274,3000	4,70229
274,4000	4,70717
274,5000	4,70717
274,6000	4,70229
274,7000	4,70717
274,8000	4,70229
274,9000	4,70229
275,0000	4,70717
275,1000	4,70229
275,2000	4,70717
275,3000	4,70229
275,4000	4,70717
275,5000	4,70229
275,6000	4,70717
275,7000	4,69741
275,8000	4,70229
275,9000	4,70229
276,0000	4,70717
276,1000	4,70717
276,2000	4,70717
276,3000	4,69741
276,4000	4,70717
276,5000	4,70229
276,6000	4,70717
276,7000	4,70229
276,8000	4,70717
276,9000	4,70229
277,0000	4,70717
277,1000	4,70717
277,2000	4,70717
277,3000	4,70229
277,4000	4,70229
277,5000	4,70229
277,6000	4,70229
277,7000	4,70229
277,8000	4,70717
277,9000	4,70717
278,0000	4,70717
278,1000	4,70717
278,2000	4,70229
278,3000	4,70229
278,4000	4,70229
278,5000	4,70229
278,6000	4,70717
278,7000	4,70229
278,8000	4,70717
278,9000	4,70717
279,0000	4,70717
279,1000	4,69741
279,2000	4,70229
279,3000	4,70717
279,4000	4,70229
279,5000	4,69741
279,6000	4,70229
279,7000	4,70717
279,8000	4,70717
279,9000	4,70717
280,0000	4,70229
280,1000	4,70717
280,2000	4,70229
280,3000	4,70717
280,4000	4,70229
280,5000	4,69741
280,6000	4,70229
280,7000	4,69741
280,8000	4,70229
280,9000	4,70229
281,0000	4,70229
281,1000	4,70717
281,2000	4,70717
281,3000	4,69741
281,4000	4,70229
281,5000	4,70229
281,6000	4,70229
281,7000	4,69741
281,8000	4,70229
281,9000	4,69741
282,0000	4,70229
282,1000	4,70717
282,2000	4,70229
282,3000	4,69741
282,4000	4,70717
282,5000	4,69741
282,6000	4,70229
282,7000	4,69741
282,8000	4,70229
282,9000	4,69741
283,0000	4,70229
283,1000	4,70717
283,2000	4,70229
283,3000	4,69741
283,4000	4,70717
283,5000	4,69741
283,6000	4,70229
283,7000	4,69741
283,8000	4,70229
283,9000	4,69741
284,0000	4,70717
284,1000	4,69741
284,2000	4,69741
284,3000	4,69741
284,4000	4,70229
284,5000	4,69741
284,6000	4,70229
284,7000	4,69741
284,8000	4,70229
284,9000	4,70229
285,0000	4,70229
285,1000	4,69741
285,2000	4,70229
285,3000	4,69741
285,4000	4,69741
285,5000	4,69741
285,6000	4,69741
285,7000	4,69741
285,8000	4,69741
285,9000	4,70229
286,0000	4,70229
286,1000	4,69741
286,2000	4,70229
286,3000	4,69741
286,4000	4,70229
286,5000	4,69741
286,6000	4,70229
286,7000	4,70229
286,8000	4,70717
286,9000	4,69741
287,0000	4,69741
287,1000	4,69741
287,2000	4,70229
287,3000	4,69741
287,4000	4,70229
287,5000	4,70229
287,6000	4,70229
287,7000	4,69741
287,8000	4,70229
287,9000	4,69741
288,0000	4,69741
288,1000	4,69741
288,2000	4,70229
288,3000	4,69741
288,4000	4,69741
288,5000	4,69741
288,6000	4,69741
288,7000	4,69741
288,8000	4,69741
288,9000	4,69741
289,0000	4,69741
289,1000	4,69741
289,2000	4,69741
289,3000	4,69741
289,4000	4,70229
289,5000	4,69741
289,6000	4,69741
289,7000	4,69741
289,8000	4,69741
289,9000	4,69741
290,0000	4,69741
290,1000	4,69741
290,2000	4,69253
290,3000	4,69741
290,4000	4,69741
290,5000	4,69741
290,6000	4,69741
290,7000	4,69741
290,8000	4,69741
290,9000	4,69741
291,0000	4,70229
291,1000	4,69741
291,2000	4,69741
291,3000	4,69741
291,4000	4,70229
291,5000	4,69741
291,6000	4,69741
291,7000	4,69741
291,8000	4,69741
291,9000	4,69741
292,0000	4,69741
292,1000	4,69741
292,2000	4,69741
292,3000	4,69741
292,4000	4,69741
292,5000	4,69741
292,6000	4,69741
292,7000	4,69741
292,8000	4,69741
292,9000	4,69741
293,0000	4,69741
293,1000	4,69741
293,2000	4,69253
293,3000	4,69741
293,4000	4,69741
293,5000	4,69741
293,6000	4,69741
293,7000	4,69741
293,8000	4,69741
293,9000	4,69741
294,0000	4,69741
294,1000	4,69741
294,2000	4,69741
294,3000	4,69253
294,4000	4,69253
294,5000	4,69741
294,6000	4,69253
294,7000	4,69741
294,8000	4,69253
294,9000	4,69741
295,0000	4,69741
295,1000	4,69741
295,2000	4,69741
295,3000	4,69253
295,4000	4,69741
295,5000	4,69741
295,6000	4,69253
295,7000	4,69741
295,8000	4,69253
295,9000	4,69741
296,0000	4,70229
296,1000	4,69253
296,2000	4,69741
296,3000	4,69741
296,4000	4,69253
296,5000	4,69741
296,6000	4,69253
296,7000	4,69253
296,8000	4,69253
296,9000	4,69741
297,0000	4,69741
297,1000	4,69741
297,2000	4,69253
297,3000	4,68764
297,4000	4,69741
297,5000	4,69741
297,6000	4,69741
297,7000	4,69741
297,8000	4,69741
297,9000	4,69741
298,0000	4,69741
298,1000	4,69741
298,2000	4,69741
298,3000	4,69253
298,4000	4,69253
298,5000	4,69741
298,6000	4,69253
298,7000	4,69253
298,8000	4,69253
298,9000	4,69741
299,0000	4,69741
299,1000	4,69741
299,2000	4,69253
299,3000	4,69741
299,4000	4,69253
299,5000	4,69253
299,6000	4,69741
299,7000	4,69741
299,8000	4,69253
299,9000	4,69741
300,0000	4,69741
300,1000	4,69253
300,2000	4,69253
300,3000	4,69741
300,4000	4,69741
300,5000	4,69741
300,6000	4,69741
300,7000	4,69741
300,8000	4,69253
300,9000	4,69741
301,0000	4,69253
301,1000	4,69741
301,2000	4,69741
301,3000	4,69741
301,4000	4,69253
301,5000	4,69741
301,6000	4,69253
301,7000	4,69741
301,8000	4,69253
301,9000	4,69253
302,0000	4,69253
302,1000	4,69741
302,2000	4,69253
302,3000	4,69741
302,4000	4,69253
302,5000	4,69253
302,6000	4,69253
302,7000	4,69253
302,8000	4,69253
302,9000	4,69741
303,0000	4,69253
303,1000	4,69253
303,2000	4,69741
303,3000	4,68764
303,4000	4,69253
303,5000	4,69741
303,6000	4,69741
303,7000	4,69741
303,8000	4,69253
303,9000	4,68764
304,0000	4,69253
304,1000	4,69253
304,2000	4,69253
304,3000	4,68764
304,4000	4,69741
304,5000	4,69253
304,6000	4,69253
304,7000	4,68764
304,8000	4,69253
304,9000	4,69253
305,0000	4,69253
305,1000	4,69253
305,2000	4,69253
305,3000	4,69253
305,4000	4,69253
305,5000	4,68764
305,6000	4,69741
305,7000	4,69253
305,8000	4,69253
305,9000	4,69253
306,0000	4,69253
306,1000	4,68764
306,2000	4,69253
306,3000	4,69253
306,4000	4,69253
306,5000	4,68764
306,6000	4,69253
306,7000	4,68764
306,8000	4,69253
306,9000	4,69253
307,0000	4,69253
307,1000	4,68764
307,2000	4,69253
307,3000	4,68764
307,4000	4,69253
307,5000	4,69253
307,6000	4,69253
307,7000	4,68764
307,8000	4,69253
307,9000	4,68764
308,0000	4,69253
308,1000	4,69253
308,2000	4,69253
308,3000	4,68764
308,4000	4,69253
308,5000	4,69253
308,6000	4,69253
308,7000	4,68764
308,8000	4,69253
308,9000	4,68764
309,0000	4,69253
309,1000	4,68764
309,2000	4,69253
309,3000	4,69741
309,4000	4,69253
309,5000	4,69253
309,6000	4,69253
309,7000	4,68764
309,8000	4,69253
309,9000	4,68764
310,0000	4,69253
310,1000	4,69741
310,2000	4,68764
310,3000	4,68764
310,4000	4,69253
310,5000	4,68764
310,6000	4,69253
310,7000	4,69253
310,8000	4,69253
310,9000	4,68764
311,0000	4,69253
311,1000	4,68764
311,2000	4,69253
311,3000	4,69253
311,4000	4,69253
311,5000	4,68764
311,6000	4,68764
311,7000	4,68764
311,8000	4,68764
311,9000	4,68764
312,0000	4,68764
312,1000	4,67788
312,2000	4,66811
312,3000	4,65835
312,4000	4,64858
312,5000	4,62905
312,6000	4,60952
312,7000	4,58022
312,8000	4,55092
312,9000	4,50209
313,0000	4,46303
313,1000	4,42396
313,2000	4,39467
313,3000	4,37513
313,4000	4,34584
313,5000	4,32630
313,6000	4,31654
313,7000	4,29701
313,8000	4,28236
313,9000	4,27747
314,0000	4,25794
314,1000	4,24818
314,2000	4,23841
314,3000	4,22864
314,4000	4,21888
314,5000	4,20423
314,6000	4,19446
314,7000	4,18470
314,8000	4,17982
314,9000	4,17005
315,0000	4,16028
315,1000	4,14563
315,2000	4,14075
315,3000	4,13099
315,4000	4,12610
315,5000	4,11145
315,6000	4,11145
315,7000	4,10169
315,8000	4,09680
315,9000	4,08216
316,0000	4,08216
316,1000	4,07239
316,2000	4,06751
316,3000	4,06262
316,4000	4,06262
316,5000	4,05286
316,6000	4,04798
316,7000	4,04309
316,8000	4,03821
316,9000	4,03333
317,0000	4,02844
317,1000	4,02356
317,2000	4,02356
317,3000	4,01379
317,4000	4,00891
317,5000	4,00403
317,6000	4,00891
317,7000	4,00403
